
S146V,0,0,0,0,0,0,0,0,0,-1,0,0,0,0,0,0,0,1,0,0,89.0,140.0,-0.18,1.1,0,0,7.14,6.73,81,6,0.023076923076923078,-5,-0.8,5,-0.1,-4,-0.5,-4,-0.0,2.892031709584085
S148P,0,0,0,0,0,0,0,1,0,-1,0,0,0,0,0,0,0,0,0,0,89.0,112.7,-0.18,0.12,0,0,7.14,5.02,29,0,0.8153846153846154,1,-0.3,4,-2.1,2,-0.2,5,-0.1,2.079270424851856
S199L,0,0,0,0,0,0,0,0,0,-1,0,0,0,0,0,1,0,0,0,0,89.0,166.7,-0.18,1.1,0,0,7.14,9.68,54,7,0.6,-24,-0.4,-23,-0.1,-2,-0.4,-1,-0.1,2.901504575484091
S241D,0,0,0,0,0,0,0,0,0,-1,1,0,0,0,0,0,0,0,0,0,89.0,111.1,-0.18,-0.9,0,-1,7.14,5.49,50,7,0.4307692307692308,-32,-0.1,3,-2.0,-33,-0.1,-31,-0.2,2.909272690274625
S241W,0,1,0,0,0,0,0,0,0,-1,0,0,0,0,0,0,0,0,0,0,89.0,227.8,-0.18,0.81,0,0,7.14,1.25,50,7,0.4307692307692308,-32,-0.1,3,-2.0,-33,-0.1,-31,-0.2,2.909272690274625
S247Y,0,0,0,0,0,1,0,0,0,-1,0,0,0,0,0,0,0,0,0,0,89.0,193.6,-0.18,0.26,0,0,7.14,2.91,47,6,0.5769230769230769,-3,-1.3,-146,-0.0,-4,-0.2,-145,-0.0,2.710640759381025
S253A,0,0,0,0,0,0,0,0,1,-1,0,0,0,0,0,0,0,0,0,0,89.0,88.6,-0.18,0.62,0,0,7.14,8.76,88,0,0.0,-4,-2.4,4,-2.4,1,-0.2,5,-0.4,5.5496012459859765
S258A,0,0,0,0,0,0,0,0,1,-1,0,0,0,0,0,0,0,0,0,0,89.0,88.6,-0.18,0.62,0,0,7.14,8.76,81,0,0.0,-4,-2.2,4,-2.8,-5,-0.4,-1,-0.2,7.595062670089561
S258A,0,0,0,0,0,0,0,0,1,-1,0,0,0,0,0,0,0,0,0,0,89.0,88.6,-0.18,0.62,0,0,7.14,8.76,81,0,0.0,-4,-2.2,4,-2.8,-5,-0.4,-1,-0.2,7.595062670089561
S57P,0,0,0,0,0,0,0,1,0,-1,0,0,0,0,0,0,0,0,0,0,89.0,112.7,-0.18,0.12,0,0,7.14,5.02,39,7,0.6461538461538462,-2,-0.5,23,-2.2,23,-0.4,2,-0.5,2.28473291713512
S57P,0,0,0,0,0,0,0,1,0,-1,0,0,0,0,0,0,0,0,0,0,89.0,112.7,-0.18,0.12,0,0,7.14,5.02,39,7,0.6461538461538462,-2,-0.5,23,-2.2,23,-0.4,2,-0.5,2.28473291713512
S64P,0,0,0,0,0,0,0,1,0,-1,0,0,0,0,0,0,0,0,0,0,89.0,112.7,-0.18,0.12,0,0,7.14,5.02,43,7,0.43846153846153846,-2,-0.8,3,-0.7,9,-0.2,4,-0.5,2.295167788824409
S64P,0,0,0,0,0,0,0,1,0,-1,0,0,0,0,0,0,0,0,0,0,89.0,112.7,-0.18,0.12,0,0,7.14,5.02,43,7,0.43846153846153846,-2,-0.8,3,-0.7,9,-0.2,4,-0.5,2.295167788824409
S67M,0,0,0,0,0,0,0,0,0,-1,0,0,0,0,0,0,0,0,0,1,89.0,162.9,-0.18,0.64,0,0,7.14,2.32,53,3,0.5538461538461539,-3,-0.7,2,-0.4,1,-0.1,-1,-0.3,1.7578210324761987
S69V,0,0,0,0,0,0,0,0,0,-1,0,0,0,0,0,0,0,1,0,0,89.0,140.0,-0.18,1.1,0,0,7.14,6.73,22,6,1.0,-2,-0.4,3,-0.1,1,-0.2,-3,-0.0,1.8828793778973756
S92I,0,0,0,0,0,0,1,0,0,-1,0,0,0,0,0,0,0,0,0,0,89.0,166.7,-0.18,1.4,0,0,7.14,5.49,83,2,0.0,70,-1.9,72,-2.6,-2,-0.4,75,-0.1,9.852927467176604
S92L,0,0,0,0,0,0,0,0,0,-1,0,0,0,0,0,1,0,0,0,0,89.0,166.7,-0.18,1.1,0,0,7.14,9.68,83,2,0.0,70,-1.9,72,-2.6,-2,-0.4,75,-0.1,9.852927467176604
T121P,0,0,0,0,-1,0,0,1,0,0,0,0,0,0,0,0,0,0,0,0,116.1,112.7,-0.05,0.12,0,0,5.53,5.02,86,7,0.02112676056338028,-24,-0.4,3,-0.2,-2,-0.4,-50,-0.1,4.666645030496497
T171V,0,0,0,0,-1,0,0,0,0,0,0,0,0,0,0,0,0,1,0,0,116.1,140.0,-0.05,1.1,0,0,5.53,6.73,80,0,0.0,-4,-1.7,4,-1.9,2,-0.2,-1,-0.2,9.33663534834928
T188A,0,0,0,0,-1,0,0,0,1,0,0,0,0,0,0,0,0,0,0,0,116.1,88.6,-0.05,0.62,0,0,5.53,8.76,91,6,0.014084507042253521,17,-3.1,-1,-0.2,-2,-0.6,18,-0.2,8.072954691740534
T188D,0,0,0,0,-1,0,0,0,0,0,1,0,0,0,0,0,0,0,0,0,116.1,111.1,-0.05,-0.9,0,-1,5.53,5.49,91,6,0.014084507042253521,17,-3.1,-1,-0.2,-2,-0.6,18,-0.2,8.072954691740534
T188L,0,0,0,0,-1,0,0,0,0,0,0,0,0,0,0,1,0,0,0,0,116.1,166.7,-0.05,1.1,0,0,5.53,9.68,91,6,0.014084507042253521,17,-3.1,-1,-0.2,-2,-0.6,18,-0.2,8.072954691740534
T188N,0,0,0,0,-1,0,0,0,0,0,0,0,0,0,0,0,0,0,1,0,116.1,114.1,-0.05,-0.78,0,0,5.53,3.93,91,6,0.014084507042253521,17,-3.1,-1,-0.2,-2,-0.6,18,-0.2,8.072954691740534
T188N,0,0,0,0,-1,0,0,0,0,0,0,0,0,0,0,0,0,0,1,0,116.1,114.1,-0.05,-0.78,0,0,5.53,3.93,91,6,0.014084507042253521,17,-3.1,-1,-0.2,-2,-0.6,18,-0.2,8.072954691740534
T188S,0,0,0,0,-1,0,0,0,0,1,0,0,0,0,0,0,0,0,0,0,116.1,89.0,-0.05,-0.18,0,0,5.53,7.14,91,6,0.014084507042253521,17,-3.1,-1,-0.2,-2,-0.6,18,-0.2,8.072954691740534
T188Y,0,0,0,0,-1,1,0,0,0,0,0,0,0,0,0,0,0,0,0,0,116.1,193.6,-0.05,0.26,0,0,5.53,2.91,91,6,0.014084507042253521,17,-3.1,-1,-0.2,-2,-0.6,18,-0.2,8.072954691740534
T192Y,0,0,0,0,-1,1,0,0,0,0,0,0,0,0,0,0,0,0,0,0,116.1,193.6,-0.05,0.26,0,0,5.53,2.91,43,6,0.7112676056338029,-2,-0.3,2,-0.4,2,-0.0,-1,-0.1,2.3381290589415884
T198L,0,0,0,0,-1,0,0,0,0,0,0,0,0,0,0,1,0,0,0,0,116.1,166.7,-0.05,1.1,0,0,5.53,9.68,81,7,0.035211267605633804,-2,-1.3,-22,-0.2,2,-0.1,4,-0.1,4.994500698665539
T198V,0,0,0,0,-1,0,0,0,0,0,0,0,0,0,0,0,0,1,0,0,116.1,140.0,-0.05,1.1,0,0,5.53,6.73,81,7,0.035211267605633804,-2,-1.3,-22,-0.2,2,-0.1,4,-0.1,4.994500698665539
T256M,0,0,0,0,-1,0,0,0,0,0,0,0,0,0,0,0,0,0,0,1,116.1,162.9,-0.05,0.64,0,0,5.53,2.32,67,0,0.0,-4,-2.5,4,-2.5,-5,-0.3,5,-0.3,9.086992010310485
T268P,0,0,0,0,-1,0,0,1,0,0,0,0,0,0,0,0,0,0,0,0,116.1,112.7,-0.05,0.12,0,0,5.53,5.02,50,3,0.6197183098591549,-2,-1.4,3,-1.7,1,-0.3,4,-0.4,3.2638757855825884
T268W,0,1,0,0,-1,0,0,0,0,0,0,0,0,0,0,0,0,0,0,0,116.1,227.8,-0.05,0.81,0,0,5.53,1.25,50,3,0.6197183098591549,-2,-1.4,3,-1.7,1,-0.3,4,-0.4,3.2638757855825884
T287A,0,0,0,0,-1,0,0,0,1,0,0,0,0,0,0,0,0,0,0,0,116.1,88.6,-0.05,0.62,0,0,5.53,8.76,71,2,0.2112676056338028,-2,-0.4,-54,-0.2,-54,-0.2,-84,-0.0,2.383221703858536
T96G,0,0,0,0,-1,0,0,0,0,0,0,0,1,0,0,0,0,0,0,0,116.1,60.1,-0.05,0.48,0,0,5.53,7.03,51,5,0.6408450704225352,28,-2.8,2,-0.3,1,-0.2,-1,-0.3,2.673099019314093
T96G,0,0,0,0,-1,0,0,0,0,0,0,0,1,0,0,0,0,0,0,0,116.1,60.1,-0.05,0.48,0,0,5.53,7.03,51,5,0.6408450704225352,28,-2.8,2,-0.3,1,-0.2,-1,-0.3,2.673099019314093
T96G,0,0,0,0,-1,0,0,0,0,0,0,0,1,0,0,0,0,0,0,0,116.1,60.1,-0.05,0.48,0,0,5.53,7.03,51,5,0.6408450704225352,28,-2.8,2,-0.3,1,-0.2,-1,-0.3,2.673099019314093
V215P,0,0,0,0,0,0,0,1,0,0,0,0,0,0,0,0,0,-1,0,0,140.0,112.7,1.1,0.12,0,0,6.73,5.02,70,5,0.11971830985915492,-8,-0.4,5,-2.4,1,-0.3,-7,-0.1,4.736608097864992
V264L,0,0,0,0,0,0,0,0,0,0,0,0,0,0,0,1,0,-1,0,0,140.0,166.7,1.1,1.1,0,0,6.73,9.68,84,0,0.0,-4,-2.3,-3,-0.2,-5,-0.5,-2,-0.1,6.057255065485954
W259A,0,-1,0,0,0,0,0,0,1,0,0,0,0,0,0,0,0,0,0,0,227.8,88.6,0.81,0.62,0,0,1.25,8.76,81,0,0.0,-4,-2.4,4,-2.1,2,-0.2,5,-0.5,6.902571017861162
W259F,0,-1,0,0,0,0,0,0,0,0,0,1,0,0,0,0,0,0,0,0,227.8,189.9,0.81,1.2,0,0,1.25,3.87,81,0,0.0,-4,-2.4,4,-2.1,2,-0.2,5,-0.5,6.902571017861162
Y127D,0,0,0,0,0,-1,0,0,0,0,1,0,0,0,0,0,0,0,0,0,193.6,111.1,0.26,-0.9,0,-1,2.91,5.49,33,7,0.5540540540540541,-32,-0.1,4,-2.3,1,-0.1,3,-0.3,3.049548397885255
Y127D,0,0,0,0,0,-1,0,0,0,0,1,0,0,0,0,0,0,0,0,0,193.6,111.1,0.26,-0.9,0,-1,2.91,5.49,33,7,0.5540540540540541,-32,-0.1,4,-2.3,1,-0.1,3,-0.3,3.049548397885255
Y127N,0,0,0,0,0,-1,0,0,0,0,0,0,0,0,0,0,0,0,1,0,193.6,114.1,0.26,-0.78,0,0,2.91,3.93,33,7,0.5540540540540541,-32,-0.1,4,-2.3,1,-0.1,3,-0.3,3.049548397885255
Y127S,0,0,0,0,0,-1,0,0,0,1,0,0,0,0,0,0,0,0,0,0,193.6,89.0,0.26,-0.18,0,0,2.91,7.14,33,7,0.5540540540540541,-32,-0.1,4,-2.3,1,-0.1,3,-0.3,3.049548397885255
Y127T,0,0,0,0,1,-1,0,0,0,0,0,0,0,0,0,0,0,0,0,0,193.6,116.1,0.26,-0.05,0,0,2.91,5.53,33,7,0.5540540540540541,-32,-0.1,4,-2.3,1,-0.1,3,-0.3,3.049548397885255
Y223W,0,1,0,0,0,-1,0,0,0,0,0,0,0,0,0,0,0,0,0,0,193.6,227.8,0.26,0.81,0,0,2.91,1.25,63,0,0.08558558558558559,-4,-2.8,3,-1.4,-5,-0.3,-1,-0.2,3.2376200393296464
Y255L,0,0,0,0,0,-1,0,0,0,0,0,0,0,0,0,1,0,0,0,0,193.6,166.7,0.26,1.1,0,0,2.91,9.68,74,0,0.0,-4,-2.7,4,-2.4,2,-0.2,5,-0.2,4.4976344687893
A156P,0,0,0,0,0,0,0,1,-1,0,0,0,0,0,0,0,0,0,0,0,88.6,112.7,0.62,0.12,0,0,8.76,5.02,57,2,0.29245283018867924,-2,-0.9,-1,-0.1,1,-0.3,3,-0.1,2.5280295206061414,-3.865,0
A156P,0,0,0,0,0,0,0,1,-1,0,0,0,0,0,0,0,0,0,0,0,88.6,112.7,0.62,0.12,0,0,8.76,5.02,57,2,0.29245283018867924,-2,-0.9,-1,-0.1,1,-0.3,3,-0.1,2.5280295206061414,-6.109,1
A156W,0,1,0,0,0,0,0,0,-1,0,0,0,0,0,0,0,0,0,0,0,88.6,227.8,0.62,0.81,0,0,8.76,1.25,57,2,0.29245283018867924,-2,-0.9,-1,-0.1,1,-0.3,3,-0.1,2.5280295206061414,-6.627,2
A160G,0,0,0,0,0,0,0,0,-1,0,0,0,1,0,0,0,0,0,0,0,88.6,60.1,0.62,0.48,0,0,8.76,7.03,75,2,0.0,-72,-2.1,-70,-2.1,-2,-0.3,2,-0.3,8.140447736803221,-3.3,0
A209R,0,0,0,1,0,0,0,0,-1,0,0,0,0,0,0,0,0,0,0,0,88.6,173.4,0.62,-2.5,0,1,8.76,5.78,56,5,0.42452830188679247,31,-1.6,-1,-0.3,28,-0.3,33,-0.2,2.2138276776574646,-5.607,1
A219G,0,0,0,0,0,0,0,0,-1,0,0,0,1,0,0,0,0,0,0,0,88.6,60.1,0.62,0.48,0,0,8.76,7.03,90,0,0.018867924528301886,-30,-0.5,4,-2.8,-6,-0.3,5,-0.1,7.423663059417952,-4.565,0
A250D,0,0,0,0,0,0,0,0,-1,0,1,0,0,0,0,0,0,0,0,0,88.6,111.1,0.62,-0.9,0,-1,8.76,5.49,50,0,0.5,-2,-0.4,4,-2.9,2,-0.2,5,-0.2,2.2000183686049004,-5.397,1
A251I,0,0,0,0,0,0,1,0,-1,0,0,0,0,0,0,0,0,0,0,0,88.6,166.7,0.62,1.4,0,0,8.76,5.49,73,0,0.1320754716981132,2,-0.2,4,-2.7,1,-0.2,5,-0.3,2.4272385588529497,-5.69,1
A281W,0,1,0,0,0,0,0,0,-1,0,0,0,0,0,0,0,0,0,0,0,88.6,227.8,0.62,0.81,0,0,8.76,1.25,51,5,0.4339622641509434,-44,-0.1,-43,-2.3,2,-0.0,2,-0.4,2.260109724768888,-9.707,2
A49W,0,1,0,0,0,0,0,0,-1,0,0,0,0,0,0,0,0,0,0,0,88.6,227.8,0.62,0.81,0,0,8.76,1.25,61,3,0.41509433962264153,1,-0.3,3,-1.4,2,-0.2,-1,-0.2,2.728259848428984,-10.075,2
A52T,0,0,0,0,1,0,0,0,-1,0,0,0,0,0,0,0,0,0,0,0,88.6,116.1,0.62,-0.05,0,0,8.76,5.53,51,6,0.4339622641509434,-3,-1.4,0,0.0,-4,-0.1,0,0.0,3.2093454337998195,-5.209,2
A90V,0,0,0,0,0,0,0,0,-1,0,0,0,0,0,0,0,0,1,0,0,88.6,140.0,0.62,1.1,0,0,8.76,6.73,77,2,0.0,70,-2.1,72,-1.9,-2,-0.4,2,-0.4,10.03805272082837,-3.304,0
A90V,0,0,0,0,0,0,0,0,-1,0,0,0,0,0,0,0,0,1,0,0,88.6,140.0,0.62,1.1,0,0,8.76,6.73,77,2,0.0,70,-2.1,72,-1.9,-2,-0.4,2,-0.4,10.03805272082837,-5.146,1
A97F,0,0,0,0,0,0,0,0,-1,0,0,1,0,0,0,0,0,0,0,0,88.6,189.9,0.62,1.2,0,0,8.76,3.87,76,7,0.16981132075471697,-3,-2.1,24,-0.4,27,-0.3,-1,-0.2,4.437132785592877,-14.627,2
D129W,0,1,0,0,0,0,0,0,0,0,-1,0,0,0,0,0,0,0,0,0,111.1,227.8,-0.9,0.81,-1,0,5.49,1.25,46,0,0.43558282208588955,1,-0.2,4,-1.7,2,-0.2,5,-0.1,2.379876416869336,-7.514,2
D155L,0,0,0,0,0,0,0,0,0,0,-1,0,0,0,0,1,0,0,0,0,111.1,166.7,-0.9,1.1,-1,0,5.49,9.68,65,2,0.1656441717791411,-69,-3.2,3,-2.0,-2,-0.5,-67,-0.4,2.5077385583522274,-9.602,2
D193T,0,0,0,0,1,0,0,0,0,0,-1,0,0,0,0,0,0,0,0,0,111.1,116.1,-0.9,-0.05,-1,0,5.49,5.53,60,7,0.2822085889570552,1,-0.1,3,-0.1,-3,-0.1,29,-0.0,2.302918417975246,-5.364,2
D210N,0,0,0,0,0,0,0,0,0,0,-1,0,0,0,0,0,0,0,1,0,111.1,114.1,-0.9,-0.78,-1,0,5.49,3.93,90,7,0.05521472392638037,-3,-2.3,5,-0.3,31,-0.2,31,-0.1,4.424605081302293,-12.297,2
D238K,0,0,0,0,0,0,0,0,0,0,-1,0,0,0,1,0,0,0,0,0,111.1,168.6,-0.9,-1.5,-1,1,5.49,5.19,44,5,0.5521472392638037,43,-2.3,-1,-0.1,-2,-0.4,44,-0.0,2.059704524693961,-13.104,2
D238R,0,0,0,1,0,0,0,0,0,0,-1,0,0,0,0,0,0,0,0,0,111.1,173.4,-0.9,-2.5,-1,1,5.49,5.78,44,5,0.5521472392638037,43,-2.3,-1,-0.1,-2,-0.4,44,-0.0,2.059704524693961,-9.414,1
D265F,0,0,0,0,0,0,0,0,0,0,-1,1,0,0,0,0,0,0,0,0,111.1,189.9,-0.9,1.2,-1,0,5.49,3.87,90,6,0.0,-4,-1.1,-226,-0.3,-5,-0.8,-1,-0.2,6.097095738685654,-26.016,2
D265F,0,0,0,0,0,0,0,0,0,0,-1,1,0,0,0,0,0,0,0,0,111.1,189.9,-0.9,1.2,-1,0,5.49,3.87,90,6,0.0,-4,-1.1,-226,-0.3,-5,-0.8,-1,-0.2,6.097095738685654,-3.476,0
D265T,0,0,0,0,1,0,0,0,0,0,-1,0,0,0,0,0,0,0,0,0,111.1,116.1,-0.9,-0.05,-1,0,5.49,5.53,90,6,0.0,-4,-1.1,-226,-0.3,-5,-0.8,-1,-0.2,6.097095738685654,-3.453,0
D267N,0,0,0,0,0,0,0,0,0,0,-1,0,0,0,0,0,0,0,1,0,111.1,114.1,-0.9,-0.78,-1,0,5.49,3.93,89,7,0.0,-6,-2.4,3,-1.9,1,-0.2,-1,-0.2,4.68992551762756,-7.908,2
D279H,0,0,0,0,0,0,0,0,0,0,-1,0,0,1,0,0,0,0,0,0,111.1,153.2,-0.9,-0.4,-1,0.1,5.49,2.26,64,7,0.1411042944785276,-2,-0.2,3,-1.8,1,-0.1,5,-0.1,2.1770990860978903,-7.598,2
D284A,0,0,0,0,0,0,0,0,1,0,-1,0,0,0,0,0,0,0,0,0,111.1,88.6,-0.9,0.62,-1,0,5.49,8.76,52,2,0.26993865030674846,-48,-1.0,-48,-2.5,-78,-0.1,2,-0.3,2.079860345952841,-11.372,2
D284R,0,0,0,1,0,0,0,0,0,0,-1,0,0,0,0,0,0,0,0,0,111.1,173.4,-0.9,-2.5,-1,1,5.49,5.78,52,2,0.26993865030674846,-48,-1.0,-48,-2.5,-78,-0.1,2,-0.3,2.079860345952841,-5.858,1
D53P,0,0,0,0,0,0,0,1,0,0,-1,0,0,0,0,0,0,0,0,0,111.1,112.7,-0.9,0.12,-1,0,5.49,5.02,55,7,0.49079754601226994,-2,-0.3,55,-0.1,1,-0.1,-2,-0.1,2.2874988337591464,-10.134,2
D98T,0,0,0,0,1,0,0,0,0,0,-1,0,0,0,0,0,0,0,0,0,111.1,116.1,-0.9,-0.05,-1,0,5.49,5.53,44,7,0.3619631901840491,-2,-0.3,3,-2.0,22,-0.1,-4,-0.2,3.1922099617214044,-15.954,2
E176V,0,0,-1,0,0,0,0,0,0,0,0,0,0,0,0,0,0,1,0,0,138.4,140.0,-0.74,1.1,-1,0,6.32,6.73,62,0,0.28865979381443296,-4,-1.4,-1,-0.3,-3,-0.2,-2,-0.2,2.132145241651208,-9.703,2
E208K,0,0,-1,0,0,0,0,0,0,0,0,0,0,0,1,0,0,0,0,0,138.4,168.6,-0.74,-1.5,-1,1,6.32,5.19,44,5,0.4329896907216495,29,-2.4,7,-0.3,-2,-0.5,-1,-0.1,2.4044116059899463,-10.23,2
E208R,0,0,-1,1,0,0,0,0,0,0,0,0,0,0,0,0,0,0,0,0,138.4,173.4,-0.74,-2.5,-1,1,6.32,5.78,44,5,0.4329896907216495,29,-2.4,7,-0.3,-2,-0.5,-1,-0.1,2.4044116059899463,-7.573,1
E236L,0,0,-1,0,0,0,0,0,0,0,0,0,0,0,0,1,0,0,0,0,138.4,166.7,-0.74,1.1,-1,0,6.32,9.68,70,2,0.07216494845360824,48,-2.5,47,-2.3,-2,-0.5,48,-1.0,5.049174985403675,-10.878,1
E236Q,1,0,-1,0,0,0,0,0,0,0,0,0,0,0,0,0,0,0,0,0,138.4,143.8,-0.74,-0.85,-1,0,6.32,3.9,70,2,0.07216494845360824,48,-2.5,47,-2.3,-2,-0.5,48,-1.0,5.049174985403675,-9.581,2
F125T,0,0,0,0,1,0,0,0,0,0,0,-1,0,0,0,0,0,0,0,0,189.9,116.1,1.2,-0.05,0,0,3.87,5.53,32,5,0.6446700507614214,-30,-0.2,-1,-0.3,-29,-0.1,-30,-0.1,2.220344269027353,-5.837,2
F196I,0,0,0,0,0,0,1,0,0,0,0,-1,0,0,0,0,0,0,0,0,189.9,166.7,1.2,1.4,0,0,3.87,5.49,81,7,0.0,-2,-0.5,2,-1.3,26,-0.3,-23,-0.1,4.363126213233168,-5.804,0
F196L,0,0,0,0,0,0,0,0,0,0,0,-1,0,0,0,1,0,0,0,0,189.9,166.7,1.2,1.1,0,0,3.87,9.68,81,7,0.0,-2,-0.5,2,-1.3,26,-0.3,-23,-0.1,4.363126213233168,-3.205,0
F243D,0,0,0,0,0,0,0,0,0,0,1,-1,0,0,0,0,0,0,0,0,189.9,111.1,1.2,-0.9,0,-1,3.87,5.49,34,5,0.7157360406091371,1,-0.2,3,-2.0,2,-0.1,-1,-0.3,2.4658157973305164,-3.493,0
F243L,0,0,0,0,0,0,0,0,0,0,0,-1,0,0,0,1,0,0,0,0,189.9,166.7,1.2,1.1,0,0,3.87,9.68,34,5,0.7157360406091371,1,-0.2,3,-2.0,2,-0.1,-1,-0.3,2.4658157973305164,-7.305,2
F243S,0,0,0,0,0,0,0,0,0,1,0,-1,0,0,0,0,0,0,0,0,189.9,89.0,1.2,-0.18,0,0,3.87,7.14,34,5,0.7157360406091371,1,-0.2,3,-2.0,2,-0.1,-1,-0.3,2.4658157973305164,-3.149,0
F243T,0,0,0,0,1,0,0,0,0,0,0,-1,0,0,0,0,0,0,0,0,189.9,116.1,1.2,-0.05,0,0,3.87,5.53,34,5,0.7157360406091371,1,-0.2,3,-2.0,2,-0.1,-1,-0.3,2.4658157973305164,-3.175,0
G94W,0,1,0,0,0,0,0,0,0,0,0,0,-1,0,0,0,0,0,0,0,60.1,227.8,0.48,0.81,0,0,7.03,1.25,85,7,0.023809523809523808,1,-0.2,3,-2.1,4,-0.2,71,-0.1,4.8373193947185245,-11.104,2
H112W,0,1,0,0,0,0,0,0,0,0,0,0,0,-1,0,0,0,0,0,0,153.2,227.8,-0.4,0.81,0.1,0,2.26,1.25,75,5,0.043478260869565216,-3,-1.5,-1,-0.3,-4,-0.6,-2,-0.2,4.914767951852534,-16.82,2
H164W,0,1,0,0,0,0,0,0,0,0,0,0,0,-1,0,0,0,0,0,0,153.2,227.8,-0.4,0.81,0.1,0,2.26,1.25,82,2,0.03804347826086957,-72,-2.6,3,-2.8,-2,-0.3,24,-0.2,6.86284882426547,-14.523,2
H164W,0,1,0,0,0,0,0,0,0,0,0,0,0,-1,0,0,0,0,0,0,153.2,227.8,-0.4,0.81,0.1,0,2.26,1.25,82,2,0.03804347826086957,-72,-2.6,3,-2.8,-2,-0.3,24,-0.2,6.86284882426547,-7.322,1
H218F,0,0,0,0,0,0,0,0,0,0,0,1,0,-1,0,0,0,0,0,0,153.2,189.9,-0.4,1.2,0.1,0,2.26,3.87,71,5,0.08152173913043478,-4,-1.6,4,-2.5,-5,-0.2,5,-0.3,3.772423377950144,-10.966,2
H242W,0,1,0,0,0,0,0,0,0,0,0,0,0,-1,0,0,0,0,0,0,153.2,227.8,-0.4,0.81,0.1,0,2.26,1.25,80,5,0.07065217391304347,1,-0.3,-1,-0.1,-33,-0.2,-77,-0.1,3.99575563528927,-6.912,2
I119P,0,0,0,0,0,0,-1,1,0,0,0,0,0,0,0,0,0,0,0,0,166.7,112.7,1.4,0.12,0,0,5.49,5.02,83,2,0.0,-28,-2.7,2,-0.4,-2,-0.6,-45,-0.3,7.036019390292188,-3.525,0
I174A,0,0,0,0,0,0,-1,0,1,0,0,0,0,0,0,0,0,0,0,0,166.7,88.6,1.4,0.62,0,0,5.49,8.76,73,0,0.0,-4,-2.8,4,-2.0,1,-0.2,-1,-0.2,4.068244782355463,-3.196,0
I174L,0,0,0,0,0,0,-1,0,0,0,0,0,0,0,0,1,0,0,0,0,166.7,166.7,1.4,1.1,0,0,5.49,9.68,73,0,0.0,-4,-2.8,4,-2.0,1,-0.2,-1,-0.2,4.068244782355463,-4.012,0
K182D,0,0,0,0,0,0,0,0,0,0,1,0,0,0,-1,0,0,0,0,0,168.6,111.1,-1.5,-0.9,1,-1,5.19,5.49,42,6,0.36585365853658536,-23,-3.2,2,-0.3,1,-0.3,-22,-0.2,4.33294548691175,-12.405,0
K194Y,0,0,0,0,0,1,0,0,0,0,0,0,0,0,-1,0,0,0,0,0,168.6,193.6,-1.5,0.26,1,0,5.19,2.91,68,7,0.28780487804878047,-2,-0.4,2,-0.5,1,-0.1,31,-0.3,2.8424795870123294,-6.72,2
K232I,0,0,0,0,0,0,1,0,0,0,0,0,0,0,-1,0,0,0,0,0,168.6,166.7,-1.5,1.4,1,0,5.19,5.49,66,2,0.06341463414634146,-31,-0.2,56,-1.4,-4,-0.1,57,-0.5,4.074331959115105,-3.413,0
K232V,0,0,0,0,0,0,0,0,0,0,0,0,0,0,-1,0,0,1,0,0,168.6,140.0,-1.5,1.1,1,0,5.19,6.73,66,2,0.06341463414634146,-31,-0.2,56,-1.4,-4,-0.1,57,-0.5,4.074331959115105,-5.107,0
K261F,0,0,0,0,0,0,0,0,0,0,0,1,0,0,-1,0,0,0,0,0,168.6,189.9,-1.5,1.2,1,0,5.19,3.87,82,0,0.00975609756097561,-4,-3.0,6,-2.4,-5,-0.3,4,-1.1,6.807256907886545,-5.648,1
K261W,0,1,0,0,0,0,0,0,0,0,0,0,0,0,-1,0,0,0,0,0,168.6,227.8,-1.5,0.81,1,0,5.19,1.25,82,0,0.00975609756097561,-4,-3.0,6,-2.4,-5,-0.3,4,-1.1,6.807256907886545,-19.121,2
L262Y,0,0,0,0,0,1,0,0,0,0,0,0,0,0,0,-1,0,0,0,0,166.7,193.6,1.1,0.26,0,0,9.68,2.91,77,0,0.06707317073170732,-4,-2.8,-1,-0.2,4,-0.2,-2,-0.2,2.6348516754117637,-4.423,0
M166W,0,1,0,0,0,0,0,0,0,0,0,0,0,0,0,0,0,0,0,-1,162.9,227.8,0.64,0.81,0,0,2.32,1.25,62,0,0.047872340425531915,1,-0.3,4,-2.2,2,-0.2,-1,-0.3,5.193503676495186,-16.56,2
M260I,0,0,0,0,0,0,1,0,0,0,0,0,0,0,0,0,0,0,0,-1,162.9,166.7,0.64,1.4,0,0,2.32,5.49,70,0,0.0,-4,-2.5,4,-2.3,-5,-0.2,5,-0.8,8.829083278763228,-3.712,0
M260L,0,0,0,0,0,0,0,0,0,0,0,0,0,0,0,1,0,0,0,-1,162.9,166.7,0.64,1.1,0,0,2.32,9.68,70,0,0.0,-4,-2.5,4,-2.3,-5,-0.2,5,-0.8,8.829083278763228,-3.409,0
M91I,0,0,0,0,0,0,1,0,0,0,0,0,0,0,0,0,0,0,0,-1,162.9,166.7,0.64,1.4,0,0,2.32,5.49,63,2,0.0,26,-2.7,28,-2.7,-2,-0.4,72,-0.3,10.89225173062344,-5.401,0
M91I,0,0,0,0,0,0,1,0,0,0,0,0,0,0,0,0,0,0,0,-1,162.9,166.7,0.64,1.4,0,0,2.32,5.49,63,2,0.0,26,-2.7,28,-2.7,-2,-0.4,72,-0.3,10.89225173062344,-7.812,2
M91V,0,0,0,0,0,0,0,0,0,0,0,0,0,0,0,0,0,1,0,-1,162.9,140.0,0.64,1.1,0,0,2.32,6.73,63,2,0.0,26,-2.7,28,-2.7,-2,-0.4,72,-0.3,10.89225173062344,-3.149,0
N120K,0,0,0,0,0,0,0,0,0,0,0,0,0,0,1,0,0,0,-1,0,114.1,168.6,-0.78,-1.5,0,1,3.93,5.19,71,7,0.2229299363057325,-47,-2.3,-48,-2.6,-2,-0.2,-47,-0.2,4.0109631118647755,-7.121,2
N122L,0,0,0,0,0,0,0,0,0,0,0,0,0,0,0,1,0,0,-1,0,114.1,166.7,-0.78,1.1,0,0,3.93,9.68,53,6,0.535031847133758,1,-0.3,2,-0.4,-2,-0.1,-1,-0.1,2.0579572037616147,-7.791,2
N122P,0,0,0,0,0,0,0,1,0,0,0,0,0,0,0,0,0,0,-1,0,114.1,112.7,-0.78,0.12,0,0,3.93,5.02,53,6,0.535031847133758,1,-0.3,2,-0.4,-2,-0.1,-1,-0.1,2.0579572037616147,-3.239,0
N140L,0,0,0,0,0,0,0,0,0,0,0,0,0,0,0,1,0,0,-1,0,114.1,166.7,-0.78,1.1,0,0,3.93,9.68,53,0,0.5031847133757962,-4,-2.1,4,-1.7,1,-0.2,5,-0.2,2.5553636744825488,-7.0,2
N178M,0,0,0,0,0,0,0,0,0,0,0,0,0,0,0,0,0,0,-1,1,114.1,162.9,-0.78,0.64,0,0,3.93,2.32,49,7,0.2929936305732484,-4,-2.0,3,-1.7,-5,-0.2,-1,-0.2,2.2684842033724433,-5.104,1
N178W,0,1,0,0,0,0,0,0,0,0,0,0,0,0,0,0,0,0,-1,0,114.1,227.8,-0.78,0.81,0,0,3.93,1.25,49,7,0.2929936305732484,-4,-2.0,3,-1.7,-5,-0.2,-1,-0.2,2.2684842033724433,-6.146,2
N248T,0,0,0,0,1,0,0,0,0,0,0,0,0,0,0,0,0,0,-1,0,114.1,116.1,-0.78,-0.05,0,0,3.93,5.53,44,7,0.6242038216560509,-2,-0.3,2,-0.4,1,-0.1,-2,-0.1,2.0347216482649735,-6.51,2
N249D,0,0,0,0,0,0,0,0,0,0,1,0,0,0,0,0,0,0,-1,0,114.1,111.1,-0.78,-0.9,0,-1,3.93,5.49,55,7,0.24203821656050956,1,-0.1,4,-2.4,-4,-0.1,5,-0.2,2.4340212856130274,-11.255,1
N249W,0,1,0,0,0,0,0,0,0,0,0,0,0,0,0,0,0,0,-1,0,114.1,227.8,-0.78,0.81,0,0,3.93,1.25,55,7,0.24203821656050956,1,-0.1,4,-2.4,-4,-0.1,5,-0.2,2.4340212856130274,-6.372,2
N37I,0,0,0,0,0,0,1,0,0,0,0,0,0,0,0,0,0,0,-1,0,114.1,166.7,-0.78,1.4,0,0,3.93,5.49,78,7,0.19745222929936307,1,-0.1,3,-1.7,2,-0.0,228,-0.0,2.1601123166238145,-5.029,2
N44W,0,1,0,0,0,0,0,0,0,0,0,0,0,0,0,0,0,0,-1,0,114.1,227.8,-0.78,0.81,0,0,3.93,1.25,44,7,0.7961783439490446,1,-0.1,2,-0.1,226,-0.0,-2,-0.0,2.14199774568702,-6.368,2
P189A,0,0,0,0,0,0,0,-1,1,0,0,0,0,0,0,0,0,0,0,0,112.7,88.6,0.12,0.62,0,0,5.02,8.76,86,7,0.007352941176470588,0,0.0,30,-0.5,0,0.0,2,-0.4,8.524481952946998,-10.297,2
P245F,0,0,0,0,0,0,0,-1,0,0,0,1,0,0,0,0,0,0,0,0,112.7,189.9,0.12,1.2,0,0,5.02,3.87,78,3,0.0,0,0.0,-1,-0.3,0,0.0,-140,-0.2,5.921012731635677,-3.383,0
P245L,0,0,0,0,0,0,0,-1,0,0,0,0,0,0,0,1,0,0,0,0,112.7,166.7,0.12,1.1,0,0,5.02,9.68,78,3,0.0,0,0.0,-1,-0.3,0,0.0,-140,-0.2,5.921012731635677,-3.158,0
P38S,0,0,0,0,0,0,0,-1,0,1,0,0,0,0,0,0,0,0,0,0,112.7,89.0,0.12,-0.18,0,0,5.02,7.14,46,5,0.6544117647058824,0,0.0,-1,-0.1,0,0.0,227,-0.0,2.2070474054798157,-5.088,2
P45L,0,0,0,0,0,0,0,-1,0,0,0,0,0,0,0,1,0,0,0,0,112.7,166.7,0.12,1.1,0,0,5.02,9.68,79,7,0.07352941176470588,0,0.0,2,-0.3,0,0.0,-1,-0.1,4.528313871883424,-3.182,0
P93H,0,0,0,0,0,0,0,-1,0,0,0,0,0,1,0,0,0,0,0,0,112.7,153.2,0.12,-0.4,0,0.1,5.02,2.26,81,7,0.0,0,0.0,6,-0.1,0,0.0,2,-0.1,8.03244327528701,-11.379,0
Q177L,-1,0,0,0,0,0,0,0,0,0,0,0,0,0,0,1,0,0,0,0,143.8,166.7,-0.85,1.1,0,0,3.9,9.68,51,0,0.5454545454545454,-4,-1.9,-2,-0.2,1,-0.2,-1,-0.2,1.8940633517235521,-7.067,2
Q272L,-1,0,0,0,0,0,0,0,0,0,0,0,0,0,0,1,0,0,0,0,143.8,166.7,-0.85,1.1,0,0,3.9,9.68,66,3,0.6111111111111112,-3,-0.4,-1,-0.3,-4,-0.4,-2,-0.1,2.216424550102248,-5.084,2
Q40A,-1,0,0,0,0,0,0,0,1,0,0,0,0,0,0,0,0,0,0,0,143.8,88.6,-0.85,0.62,0,0,3.9,8.76,54,7,0.36363636363636365,-3,-1.7,2,-0.3,226,-0.1,226,-0.1,2.6216095000590958,-6.82,2
Q40M,-1,0,0,0,0,0,0,0,0,0,0,0,0,0,0,0,0,0,0,1,143.8,162.9,-0.85,0.64,0,0,3.9,2.32,54,7,0.36363636363636365,-3,-1.7,2,-0.3,226,-0.1,226,-0.1,2.6216095000590958,-5.774,1
R107W,0,1,0,-1,0,0,0,0,0,0,0,0,0,0,0,0,0,0,0,0,173.4,227.8,-2.5,0.81,1,0,5.78,1.25,49,0,0.38306451612903225,-4,-2.4,4,-2.5,-5,-0.2,-2,-0.2,3.5532145554114978,-10.188,2
R108Y,0,0,0,-1,0,1,0,0,0,0,0,0,0,0,0,0,0,0,0,0,173.4,193.6,-2.5,0.26,1,0,5.78,2.91,63,0,0.06048387096774194,-4,-2.4,4,-0.6,-5,-0.2,-54,-0.5,4.922046255695917,-5.523,1
R124P,0,0,0,-1,0,0,0,1,0,0,0,0,0,0,0,0,0,0,0,0,173.4,112.7,-2.5,0.12,1,0,5.78,5.02,24,5,0.4959677419354839,-2,-0.4,-28,-2.8,1,-0.3,-27,-0.3,2.1406630076756823,-5.69,1
R131A,0,0,0,-1,0,0,0,0,1,0,0,0,0,0,0,0,0,0,0,0,173.4,88.6,-2.5,0.62,1,0,5.78,8.76,93,0,0.0,-4,-2.3,4,-2.3,1,-0.2,-2,-0.2,6.16315634120332,-3.412,0
R131F,0,0,0,-1,0,0,0,0,0,0,0,1,0,0,0,0,0,0,0,0,173.4,189.9,-2.5,1.2,1,0,5.78,3.87,93,0,0.0,-4,-2.3,4,-2.3,1,-0.2,-2,-0.2,6.16315634120332,-6.991,2
R131I,0,0,0,-1,0,0,1,0,0,0,0,0,0,0,0,0,0,0,0,0,173.4,166.7,-2.5,1.4,1,0,5.78,5.49,93,0,0.0,-4,-2.3,4,-2.3,1,-0.2,-2,-0.2,6.16315634120332,-3.639,0
R131K,0,0,0,-1,0,0,0,0,0,0,0,0,0,0,1,0,0,0,0,0,173.4,168.6,-2.5,-1.5,1,1,5.78,5.19,93,0,0.0,-4,-2.3,4,-2.3,1,-0.2,-2,-0.2,6.16315634120332,-3.842,0
R131M,0,0,0,-1,0,0,0,0,0,0,0,0,0,0,0,0,0,0,0,1,173.4,162.9,-2.5,0.64,1,0,5.78,2.32,93,0,0.0,-4,-2.3,4,-2.3,1,-0.2,-2,-0.2,6.16315634120332,-5.565,1
R131V,0,0,0,-1,0,0,0,0,0,0,0,0,0,0,0,0,0,1,0,0,173.4,140.0,-2.5,1.1,1,0,5.78,6.73,93,0,0.0,-4,-2.3,4,-2.3,1,-0.2,-2,-0.2,6.16315634120332,-5.128,0
R151L,0,0,0,-1,0,0,0,0,0,0,0,0,0,0,0,1,0,0,0,0,173.4,166.7,-2.5,1.1,1,0,5.78,9.68,50,0,0.4153225806451613,-4,-2.6,3,-0.8,1,-0.3,-2,-0.2,2.1530722571058676,-9.368,2
R153L,0,0,0,-1,0,0,0,0,0,0,0,0,0,0,0,1,0,0,0,0,173.4,166.7,-2.5,1.1,1,0,5.78,9.68,65,5,0.16532258064516128,-3,-1.5,-67,-2.3,-4,-0.5,2,-0.5,3.4526209952141143,-6.987,1
R153Y,0,0,0,-1,0,1,0,0,0,0,0,0,0,0,0,0,0,0,0,0,173.4,193.6,-2.5,0.26,1,0,5.78,2.91,65,5,0.16532258064516128,-3,-1.5,-67,-2.3,-4,-0.5,2,-0.5,3.4526209952141143,-12.916,2
R158D,0,0,0,-1,0,0,0,0,0,0,1,0,0,0,0,0,0,0,0,0,173.4,111.1,-2.5,-0.9,1,-1,5.78,5.49,82,2,0.04838709677419355,-3,-2.0,-70,-2.3,-72,-0.2,2,-0.3,4.056321343543829,-3.436,0
R271L,0,0,0,-1,0,0,0,0,0,0,0,0,0,0,0,1,0,0,0,0,173.4,166.7,-2.5,1.1,1,0,5.78,9.68,45,3,0.34274193548387094,-3,-1.7,3,-1.8,1,-0.3,4,-1.1,2.9332925314475164,-6.665,2
R41F,0,0,0,-1,0,0,0,0,0,0,0,1,0,0,0,0,0,0,0,0,173.4,189.9,-2.5,1.2,1,0,5.78,3.87,73,7,0.10483870967741936,-2,-0.2,-2,-0.0,2,-0.1,224,-0.0,3.143350217082431,-11.397,2
R47W,0,1,0,-1,0,0,0,0,0,0,0,0,0,0,0,0,0,0,0,0,173.4,227.8,-2.5,0.81,1,0,5.78,1.25,60,5,0.39919354838709675,-2,-0.3,3,-0.6,1,-0.2,4,-0.2,2.0195540848012685,-5.376,2
R65P,0,0,0,-1,0,0,0,1,0,0,0,0,0,0,0,0,0,0,0,0,173.4,112.7,-2.5,0.12,1,0,5.78,5.02,59,3,0.4838709677419355,1,-0.2,3,-1.1,7,-0.2,8,-0.3,1.9205720210665982,-5.063,1
S101W,0,1,0,0,0,0,0,0,0,-1,0,0,0,0,0,0,0,0,0,0,89.0,227.8,-0.18,0.81,0,0,7.14,1.25,75,3,0.16923076923076924,-3,-2.0,-1,-0.3,1,-0.3,-2,-0.2,3.792421397262482,-7.117,2
S130F,0,0,0,0,0,0,0,0,0,-1,0,1,0,0,0,0,0,0,0,0,89.0,189.9,-0.18,1.2,0,0,7.14,3.87,68,0,0.3076923076923077,-3,-0.3,4,-2.0,2,-0.2,-1,-0.2,2.53463227893423,-10.586,1
S130R,0,0,0,1,0,0,0,0,0,-1,0,0,0,0,0,0,0,0,0,0,89.0,173.4,-0.18,-2.5,0,1,7.14,5.78,68,0,0.3076923076923077,-3,-0.3,4,-2.0,2,-0.2,-1,-0.2,2.53463227893423,-8.326,2
S133L,0,0,0,0,0,0,0,0,0,-1,0,0,0,0,0,1,0,0,0,0,89.0,166.7,-0.18,1.1,0,0,7.14,9.68,50,0,0.5153846153846153,-4,-1.7,4,-2.1,1,-0.2,-2,-0.2,2.0646884411663815,-6.962,2
S136M,0,0,0,0,0,0,0,0,0,-1,0,0,0,0,0,0,0,0,0,1,89.0,162.9,-0.18,0.64,0,0,7.14,2.32,62,0,0.34615384615384615,-4,-1.9,4,-2.1,1,-0.2,-2,-0.2,2.1504633206411246,-6.109,1
S136W,0,1,0,0,0,0,0,0,0,-1,0,0,0,0,0,0,0,0,0,0,89.0,227.8,-0.18,0.81,0,0,7.14,1.25,62,0,0.34615384615384615,-4,-1.9,4,-2.1,1,-0.2,-2,-0.2,2.1504633206411246,-11.954,2
S146L,0,0,0,0,0,0,0,0,0,-1,0,0,0,0,0,1,0,0,0,0,89.0,166.7,-0.18,1.1,0,0,7.14,9.68,81,6,0.023076923076923078,-5,-0.8,5,-0.1,-4,-0.5,-4,-0.0,2.892031709584085,-9.192,0
S146V,0,0,0,0,0,0,0,0,0,-1,0,0,0,0,0,0,0,1,0,0,89.0,140.0,-0.18,1.1,0,0,7.14,6.73,81,6,0.023076923076923078,-5,-0.8,5,-0.1,-4,-0.5,-4,-0.0,2.892031709584085,-3.111,0
S148P,0,0,0,0,0,0,0,1,0,-1,0,0,0,0,0,0,0,0,0,0,89.0,112.7,-0.18,0.12,0,0,7.14,5.02,29,0,0.8153846153846154,1,-0.3,4,-2.1,2,-0.2,5,-0.1,2.079270424851856,-8.996,1
S199L,0,0,0,0,0,0,0,0,0,-1,0,0,0,0,0,1,0,0,0,0,89.0,166.7,-0.18,1.1,0,0,7.14,9.68,54,7,0.6,-24,-0.4,-23,-0.1,-2,-0.4,-1,-0.1,2.901504575484091,-5.448,2
S241D,0,0,0,0,0,0,0,0,0,-1,1,0,0,0,0,0,0,0,0,0,89.0,111.1,-0.18,-0.9,0,-1,7.14,5.49,50,7,0.4307692307692308,-32,-0.1,3,-2.0,-33,-0.1,-31,-0.2,2.909272690274625,-7.824,1
S241W,0,1,0,0,0,0,0,0,0,-1,0,0,0,0,0,0,0,0,0,0,89.0,227.8,-0.18,0.81,0,0,7.14,1.25,50,7,0.4307692307692308,-32,-0.1,3,-2.0,-33,-0.1,-31,-0.2,2.909272690274625,-6.309,2
S247Y,0,0,0,0,0,1,0,0,0,-1,0,0,0,0,0,0,0,0,0,0,89.0,193.6,-0.18,0.26,0,0,7.14,2.91,47,6,0.5769230769230769,-3,-1.3,-146,-0.0,-4,-0.2,-145,-0.0,2.710640759381025,-10.452,2
S253A,0,0,0,0,0,0,0,0,1,-1,0,0,0,0,0,0,0,0,0,0,89.0,88.6,-0.18,0.62,0,0,7.14,8.76,88,0,0.0,-4,-2.4,4,-2.4,1,-0.2,5,-0.4,5.5496012459859765,-5.443,2
S258A,0,0,0,0,0,0,0,0,1,-1,0,0,0,0,0,0,0,0,0,0,89.0,88.6,-0.18,0.62,0,0,7.14,8.76,81,0,0.0,-4,-2.2,4,-2.8,-5,-0.4,-1,-0.2,7.595062670089561,-3.175,0
S258A,0,0,0,0,0,0,0,0,1,-1,0,0,0,0,0,0,0,0,0,0,89.0,88.6,-0.18,0.62,0,0,7.14,8.76,81,0,0.0,-4,-2.2,4,-2.8,-5,-0.4,-1,-0.2,7.595062670089561,-9.351,2
S57P,0,0,0,0,0,0,0,1,0,-1,0,0,0,0,0,0,0,0,0,0,89.0,112.7,-0.18,0.12,0,0,7.14,5.02,39,7,0.6461538461538462,-2,-0.5,23,-2.2,23,-0.4,2,-0.5,2.28473291713512,-6.778,1
S57P,0,0,0,0,0,0,0,1,0,-1,0,0,0,0,0,0,0,0,0,0,89.0,112.7,-0.18,0.12,0,0,7.14,5.02,39,7,0.6461538461538462,-2,-0.5,23,-2.2,23,-0.4,2,-0.5,2.28473291713512,-9.565,2
S64P,0,0,0,0,0,0,0,1,0,-1,0,0,0,0,0,0,0,0,0,0,89.0,112.7,-0.18,0.12,0,0,7.14,5.02,43,7,0.43846153846153846,-2,-0.8,3,-0.7,9,-0.2,4,-0.5,2.295167788824409,-5.217,2
S64P,0,0,0,0,0,0,0,1,0,-1,0,0,0,0,0,0,0,0,0,0,89.0,112.7,-0.18,0.12,0,0,7.14,5.02,43,7,0.43846153846153846,-2,-0.8,3,-0.7,9,-0.2,4,-0.5,2.295167788824409,-9.247,1
S67M,0,0,0,0,0,0,0,0,0,-1,0,0,0,0,0,0,0,0,0,1,89.0,162.9,-0.18,0.64,0,0,7.14,2.32,53,3,0.5538461538461539,-3,-0.7,2,-0.4,1,-0.1,-1,-0.3,1.7578210324761987,-6.025,1
S69V,0,0,0,0,0,0,0,0,0,-1,0,0,0,0,0,0,0,1,0,0,89.0,140.0,-0.18,1.1,0,0,7.14,6.73,22,6,1.0,-2,-0.4,3,-0.1,1,-0.2,-3,-0.0,1.8828793778973756,-7.494,2
S92I,0,0,0,0,0,0,1,0,0,-1,0,0,0,0,0,0,0,0,0,0,89.0,166.7,-0.18,1.4,0,0,7.14,5.49,83,2,0.0,70,-1.9,72,-2.6,-2,-0.4,75,-0.1,9.852927467176604,-3.143,0
S92L,0,0,0,0,0,0,0,0,0,-1,0,0,0,0,0,1,0,0,0,0,89.0,166.7,-0.18,1.1,0,0,7.14,9.68,83,2,0.0,70,-1.9,72,-2.6,-2,-0.4,75,-0.1,9.852927467176604,-4.418,0
T121P,0,0,0,0,-1,0,0,1,0,0,0,0,0,0,0,0,0,0,0,0,116.1,112.7,-0.05,0.12,0,0,5.53,5.02,86,7,0.02112676056338028,-24,-0.4,3,-0.2,-2,-0.4,-50,-0.1,4.666645030496497,-13.472,1
T171V,0,0,0,0,-1,0,0,0,0,0,0,0,0,0,0,0,0,1,0,0,116.1,140.0,-0.05,1.1,0,0,5.53,6.73,80,0,0.0,-4,-1.7,4,-1.9,2,-0.2,-1,-0.2,9.33663534834928,-5.774,2
T188A,0,0,0,0,-1,0,0,0,1,0,0,0,0,0,0,0,0,0,0,0,116.1,88.6,-0.05,0.62,0,0,5.53,8.76,91,6,0.014084507042253521,17,-3.1,-1,-0.2,-2,-0.6,18,-0.2,8.072954691740534,-7.766,0
T188D,0,0,0,0,-1,0,0,0,0,0,1,0,0,0,0,0,0,0,0,0,116.1,111.1,-0.05,-0.9,0,-1,5.53,5.49,91,6,0.014084507042253521,17,-3.1,-1,-0.2,-2,-0.6,18,-0.2,8.072954691740534,-5.51,0
T188L,0,0,0,0,-1,0,0,0,0,0,0,0,0,0,0,1,0,0,0,0,116.1,166.7,-0.05,1.1,0,0,5.53,9.68,91,6,0.014084507042253521,17,-3.1,-1,-0.2,-2,-0.6,18,-0.2,8.072954691740534,-13.64,1
T188N,0,0,0,0,-1,0,0,0,0,0,0,0,0,0,0,0,0,0,1,0,116.1,114.1,-0.05,-0.78,0,0,5.53,3.93,91,6,0.014084507042253521,17,-3.1,-1,-0.2,-2,-0.6,18,-0.2,8.072954691740534,-4.706,0
T188N,0,0,0,0,-1,0,0,0,0,0,0,0,0,0,0,0,0,0,1,0,116.1,114.1,-0.05,-0.78,0,0,5.53,3.93,91,6,0.014084507042253521,17,-3.1,-1,-0.2,-2,-0.6,18,-0.2,8.072954691740534,-7.828,2
T188S,0,0,0,0,-1,0,0,0,0,1,0,0,0,0,0,0,0,0,0,0,116.1,89.0,-0.05,-0.18,0,0,5.53,7.14,91,6,0.014084507042253521,17,-3.1,-1,-0.2,-2,-0.6,18,-0.2,8.072954691740534,-12.015,0
T188Y,0,0,0,0,-1,1,0,0,0,0,0,0,0,0,0,0,0,0,0,0,116.1,193.6,-0.05,0.26,0,0,5.53,2.91,91,6,0.014084507042253521,17,-3.1,-1,-0.2,-2,-0.6,18,-0.2,8.072954691740534,-8.381,0
T192Y,0,0,0,0,-1,1,0,0,0,0,0,0,0,0,0,0,0,0,0,0,116.1,193.6,-0.05,0.26,0,0,5.53,2.91,43,6,0.7112676056338029,-2,-0.3,2,-0.4,2,-0.0,-1,-0.1,2.3381290589415884,-6.234,1
T198L,0,0,0,0,-1,0,0,0,0,0,0,0,0,0,0,1,0,0,0,0,116.1,166.7,-0.05,1.1,0,0,5.53,9.68,81,7,0.035211267605633804,-2,-1.3,-22,-0.2,2,-0.1,4,-0.1,4.994500698665539,-4.385,0
T198V,0,0,0,0,-1,0,0,0,0,0,0,0,0,0,0,0,0,1,0,0,116.1,140.0,-0.05,1.1,0,0,5.53,6.73,81,7,0.035211267605633804,-2,-1.3,-22,-0.2,2,-0.1,4,-0.1,4.994500698665539,-4.025,0
T256M,0,0,0,0,-1,0,0,0,0,0,0,0,0,0,0,0,0,0,0,1,116.1,162.9,-0.05,0.64,0,0,5.53,2.32,67,0,0.0,-4,-2.5,4,-2.5,-5,-0.3,5,-0.3,9.086992010310485,-13.347,1
T268P,0,0,0,0,-1,0,0,1,0,0,0,0,0,0,0,0,0,0,0,0,116.1,112.7,-0.05,0.12,0,0,5.53,5.02,50,3,0.6197183098591549,-2,-1.4,3,-1.7,1,-0.3,4,-0.4,3.2638757855825884,-5.607,1
T268W,0,1,0,0,-1,0,0,0,0,0,0,0,0,0,0,0,0,0,0,0,116.1,227.8,-0.05,0.81,0,0,5.53,1.25,50,3,0.6197183098591549,-2,-1.4,3,-1.7,1,-0.3,4,-0.4,3.2638757855825884,-8.305,2
T287A,0,0,0,0,-1,0,0,0,1,0,0,0,0,0,0,0,0,0,0,0,116.1,88.6,-0.05,0.62,0,0,5.53,8.76,71,2,0.2112676056338028,-2,-0.4,-54,-0.2,-54,-0.2,-84,-0.0,2.383221703858536,-7.468,2
T96G,0,0,0,0,-1,0,0,0,0,0,0,0,1,0,0,0,0,0,0,0,116.1,60.1,-0.05,0.48,0,0,5.53,7.03,51,5,0.6408450704225352,28,-2.8,2,-0.3,1,-0.2,-1,-0.3,2.673099019314093,-12.841,2
T96G,0,0,0,0,-1,0,0,0,0,0,0,0,1,0,0,0,0,0,0,0,116.1,60.1,-0.05,0.48,0,0,5.53,7.03,51,5,0.6408450704225352,28,-2.8,2,-0.3,1,-0.2,-1,-0.3,2.673099019314093,-5.607,1
T96G,0,0,0,0,-1,0,0,0,0,0,0,0,1,0,0,0,0,0,0,0,116.1,60.1,-0.05,0.48,0,0,5.53,7.03,51,5,0.6408450704225352,28,-2.8,2,-0.3,1,-0.2,-1,-0.3,2.673099019314093,-6.087,0
V215P,0,0,0,0,0,0,0,1,0,0,0,0,0,0,0,0,0,-1,0,0,140.0,112.7,1.1,0.12,0,0,6.73,5.02,70,5,0.11971830985915492,-8,-0.4,5,-2.4,1,-0.3,-7,-0.1,4.736608097864992,-5.774,1
V264L,0,0,0,0,0,0,0,0,0,0,0,0,0,0,0,1,0,-1,0,0,140.0,166.7,1.1,1.1,0,0,6.73,9.68,84,0,0.0,-4,-2.3,-3,-0.2,-5,-0.5,-2,-0.1,6.057255065485954,-4.587,0
W259A,0,-1,0,0,0,0,0,0,1,0,0,0,0,0,0,0,0,0,0,0,227.8,88.6,0.81,0.62,0,0,1.25,8.76,81,0,0.0,-4,-2.4,4,-2.1,2,-0.2,5,-0.5,6.902571017861162,-3.538,0
W259F,0,-1,0,0,0,0,0,0,0,0,0,1,0,0,0,0,0,0,0,0,227.8,189.9,0.81,1.2,0,0,1.25,3.87,81,0,0.0,-4,-2.4,4,-2.1,2,-0.2,5,-0.5,6.902571017861162,-3.656,0
Y127D,0,0,0,0,0,-1,0,0,0,0,1,0,0,0,0,0,0,0,0,0,193.6,111.1,0.26,-0.9,0,-1,2.91,5.49,33,7,0.5540540540540541,-32,-0.1,4,-2.3,1,-0.1,3,-0.3,3.049548397885255,-4.215,0
Y127D,0,0,0,0,0,-1,0,0,0,0,1,0,0,0,0,0,0,0,0,0,193.6,111.1,0.26,-0.9,0,-1,2.91,5.49,33,7,0.5540540540540541,-32,-0.1,4,-2.3,1,-0.1,3,-0.3,3.049548397885255,-9.163,1
Y127N,0,0,0,0,0,-1,0,0,0,0,0,0,0,0,0,0,0,0,1,0,193.6,114.1,0.26,-0.78,0,0,2.91,3.93,33,7,0.5540540540540541,-32,-0.1,4,-2.3,1,-0.1,3,-0.3,3.049548397885255,-3.053,0
Y127S,0,0,0,0,0,-1,0,0,0,1,0,0,0,0,0,0,0,0,0,0,193.6,89.0,0.26,-0.18,0,0,2.91,7.14,33,7,0.5540540540540541,-32,-0.1,4,-2.3,1,-0.1,3,-0.3,3.049548397885255,-4.364,0
Y127T,0,0,0,0,1,-1,0,0,0,0,0,0,0,0,0,0,0,0,0,0,193.6,116.1,0.26,-0.05,0,0,2.91,5.53,33,7,0.5540540540540541,-32,-0.1,4,-2.3,1,-0.1,3,-0.3,3.049548397885255,-5.263,0