
R73G,0,0,0,-1,0,0,0,0,0,0,0,0,1,0,0,0,0,0,0,0,173.4,60.1,-2.5,0.48,1,0,5.78,7.03,83,5,0.36693548387096775,1,-0.2,40,-0.2,-2,-0.2,63,-0.1,1.8516195359593122
R73G,0,0,0,-1,0,0,0,0,0,0,0,0,1,0,0,0,0,0,0,0,173.4,60.1,-2.5,0.48,1,0,5.78,7.03,83,5,0.36693548387096775,1,-0.2,40,-0.2,-2,-0.2,63,-0.1,1.8516195359593122
R73G,0,0,0,-1,0,0,0,0,0,0,0,0,1,0,0,0,0,0,0,0,173.4,60.1,-2.5,0.48,1,0,5.78,7.03,83,5,0.36693548387096775,1,-0.2,40,-0.2,-2,-0.2,63,-0.1,1.8516195359593122
S116A,0,0,0,0,0,0,0,0,1,-1,0,0,0,0,0,0,0,0,0,0,89.0,88.6,-0.18,0.62,0,0,7.14,8.76,54,0,0.11538461538461539,-4,-1.8,-1,-0.2,1,-0.3,-2,-0.2,2.199526562107809
S119V,0,0,0,0,0,0,0,0,0,-1,0,0,0,0,0,0,0,1,0,0,89.0,140.0,-0.18,1.1,0,0,7.14,6.73,23,7,0.6153846153846154,-2,-0.1,3,-1.6,4,-0.0,4,-0.7,1.764346860085143
S175W,0,1,0,0,0,0,0,0,0,-1,0,0,0,0,0,0,0,0,0,0,89.0,227.8,-0.18,0.81,0,0,7.14,1.25,0,7,0.5,-3,-0.9,-1,-0.2,1,-0.1,4,-0.1,1.7396452892481056
S28P,0,0,0,0,0,0,0,1,0,-1,0,0,0,0,0,0,0,0,0,0,89.0,112.7,-0.18,0.12,0,0,7.14,5.02,1,5,0.16923076923076924,1,-0.3,37,-0.2,-2,-0.1,-1,-0.2,1.8625141205449725
S76D,0,0,0,0,0,0,0,0,0,-1,1,0,0,0,0,0,0,0,0,0,89.0,111.1,-0.18,-0.9,0,-1,7.14,5.49,53,7,0.15384615384615385,-2,-0.3,4,-1.6,1,-0.1,5,-0.1,2.1549288581846677
T135P,0,0,0,0,-1,0,0,1,0,0,0,0,0,0,0,0,0,0,0,0,116.1,112.7,-0.05,0.12,0,0,5.53,5.02,3,5,0.035211267605633804,-30,-0.6,4,-0.2,-2,-0.5,3,-0.2,2.49404275725871
T152V,0,0,0,0,-1,0,0,0,0,0,0,0,0,0,0,0,0,1,0,0,116.1,140.0,-0.05,1.1,0,0,5.53,6.73,0,2,0.1267605633802817,-3,-1.0,2,-0.3,-4,-0.3,-22,-0.2,2.210831945178803
T164Y,0,0,0,0,-1,1,0,0,0,0,0,0,0,0,0,0,0,0,0,0,116.1,193.6,-0.05,0.26,0,0,5.53,2.91,0,3,0.6338028169014085,-3,-1.0,-1,-0.3,-4,-0.4,-2,-0.1,1.914613263427754
T170P,0,0,0,0,-1,0,0,1,0,0,0,0,0,0,0,0,0,0,0,0,116.1,112.7,-0.05,0.12,0,0,5.53,5.02,0,7,0.23943661971830985,-2,-0.7,3,-1.6,-11,-0.1,4,-0.4,1.9871326257967046
T177A,0,0,0,0,-1,0,0,0,1,0,0,0,0,0,0,0,0,0,0,0,116.1,88.6,-0.05,0.62,0,0,5.53,8.76,0,0,0.3591549295774648,2,-0.2,4,-2.1,1,-0.2,5,-0.2,2.2235930210344645
T177I,0,0,0,0,-1,0,1,0,0,0,0,0,0,0,0,0,0,0,0,0,116.1,166.7,-0.05,1.4,0,0,5.53,5.49,0,0,0.3591549295774648,2,-0.2,4,-2.1,1,-0.2,5,-0.2,2.2235930210344645
T177V,0,0,0,0,-1,0,0,0,0,0,0,0,0,0,0,0,0,1,0,0,116.1,140.0,-0.05,1.1,0,0,5.53,6.73,0,0,0.3591549295774648,2,-0.2,4,-2.1,1,-0.2,5,-0.2,2.2235930210344645
T29G,0,0,0,0,-1,0,0,0,0,0,0,0,1,0,0,0,0,0,0,0,116.1,60.1,-0.05,0.48,0,0,5.53,7.03,0,5,0.7112676056338029,35,-2.8,-1,-0.3,1,-0.2,36,-0.1,1.8814422320163688
T29G,0,0,0,0,-1,0,0,0,0,0,0,0,1,0,0,0,0,0,0,0,116.1,60.1,-0.05,0.48,0,0,5.53,7.03,0,5,0.7112676056338029,35,-2.8,-1,-0.3,1,-0.2,36,-0.1,1.8814422320163688
T68P,0,0,0,0,-1,0,0,1,0,0,0,0,0,0,0,0,0,0,0,0,116.1,112.7,-0.05,0.12,0,0,5.53,5.02,38,3,0.16901408450704225,1,-0.3,3,-1.5,2,-0.2,-1,-0.3,2.56817680632559
T68W,0,1,0,0,-1,0,0,0,0,0,0,0,0,0,0,0,0,0,0,0,116.1,227.8,-0.05,0.81,0,0,5.53,1.25,38,3,0.16901408450704225,1,-0.3,3,-1.5,2,-0.2,-1,-0.3,2.56817680632559
T97K,0,0,0,0,-1,0,0,0,0,0,0,0,0,0,1,0,0,0,0,0,116.1,168.6,-0.05,-1.5,0,1,5.53,5.19,0,6,0.08450704225352113,-3,-2.1,-77,-0.1,-7,-0.2,-3,-0.1,1.9035191556043227
T97V,0,0,0,0,-1,0,0,0,0,0,0,0,0,0,0,0,0,1,0,0,116.1,140.0,-0.05,1.1,0,0,5.53,6.73,0,6,0.08450704225352113,-3,-2.1,-77,-0.1,-7,-0.2,-3,-0.1,1.9035191556043227
T97V,0,0,0,0,-1,0,0,0,0,0,0,0,0,0,0,0,0,1,0,0,116.1,140.0,-0.05,1.1,0,0,5.53,6.73,0,6,0.08450704225352113,-3,-2.1,-77,-0.1,-7,-0.2,-3,-0.1,1.9035191556043227
V162E,0,0,1,0,0,0,0,0,0,0,0,0,0,0,0,0,0,-1,0,0,140.0,138.4,1.1,-0.74,0,-1,6.73,6.32,0,3,0.035211267605633804,6,-0.3,3,-1.1,1,-0.3,-24,-0.4,2.33533966911326
V162N,0,0,0,0,0,0,0,0,0,0,0,0,0,0,0,0,0,-1,1,0,140.0,114.1,1.1,-0.78,0,0,6.73,3.93,0,3,0.035211267605633804,6,-0.3,3,-1.1,1,-0.3,-24,-0.4,2.33533966911326
W54A,0,-1,0,0,0,0,0,0,1,0,0,0,0,0,0,0,0,0,0,0,227.8,88.6,0.81,0.62,0,0,1.25,8.76,0,2,0.13656387665198239,-34,-2.3,-32,-2.9,-2,-0.3,2,-0.4,2.634013446939953
W54G,0,-1,0,0,0,0,0,0,0,0,0,0,1,0,0,0,0,0,0,0,227.8,60.1,0.81,0.48,0,0,1.25,7.03,0,2,0.13656387665198239,-34,-2.3,-32,-2.9,-2,-0.3,2,-0.4,2.634013446939953
W54I,0,-1,0,0,0,0,1,0,0,0,0,0,0,0,0,0,0,0,0,0,227.8,166.7,0.81,1.4,0,0,1.25,5.49,0,2,0.13656387665198239,-34,-2.3,-32,-2.9,-2,-0.3,2,-0.4,2.634013446939953
W54K,0,-1,0,0,0,0,0,0,0,0,0,0,0,0,1,0,0,0,0,0,227.8,168.6,0.81,-1.5,0,1,1.25,5.19,0,2,0.13656387665198239,-34,-2.3,-32,-2.9,-2,-0.3,2,-0.4,2.634013446939953
W54L,0,-1,0,0,0,0,0,0,0,0,0,0,0,0,0,1,0,0,0,0,227.8,166.7,0.81,1.1,0,0,1.25,9.68,0,2,0.13656387665198239,-34,-2.3,-32,-2.9,-2,-0.3,2,-0.4,2.634013446939953
W54V,0,-1,0,0,0,0,0,0,0,0,0,0,0,0,0,0,0,1,0,0,227.8,140.0,0.81,1.1,0,0,1.25,6.73,0,2,0.13656387665198239,-34,-2.3,-32,-2.9,-2,-0.3,2,-0.4,2.634013446939953
W54Y,0,-1,0,0,0,1,0,0,0,0,0,0,0,0,0,0,0,0,0,0,227.8,193.6,0.81,0.26,0,0,1.25,2.91,0,2,0.13656387665198239,-34,-2.3,-32,-2.9,-2,-0.3,2,-0.4,2.634013446939953
Y104H,0,0,0,0,0,-1,0,0,0,0,0,0,0,1,0,0,0,0,0,0,193.6,153.2,0.26,-0.4,0,0.1,2.91,2.26,0,2,0.06756756756756757,-79,-2.0,3,-2.2,-2,-0.3,29,-0.2,3.374616852716136
A121P,0,0,0,0,0,0,0,1,-1,0,0,0,0,0,0,0,0,0,0,0,88.6,112.7,0.62,0.12,0,0,8.76,5.02,1,0,0.6698113207547169,1,-0.2,4,-1.5,2,-0.2,-1,-0.3,1.8340637629809808
A130V,0,0,0,0,0,0,0,0,-1,0,0,0,0,0,0,0,0,1,0,0,88.6,140.0,0.62,1.1,0,0,8.76,6.73,0,2,0.0,-29,-2.6,-27,-1.6,-2,-0.4,2,-0.4,6.9391226608620595
A130V,0,0,0,0,0,0,0,0,-1,0,0,0,0,0,0,0,0,1,0,0,88.6,140.0,0.62,1.1,0,0,8.76,6.73,0,2,0.0,-29,-2.6,-27,-1.6,-2,-0.4,2,-0.4,6.9391226608620595
A14P,0,0,0,0,0,0,0,1,-1,0,0,0,0,0,0,0,0,0,0,0,88.6,112.7,0.62,0.12,0,0,8.76,5.02,0,3,0.5283018867924528,-2,-0.3,3,-0.5,1,-0.3,-1,-0.1,1.8272105985263447
A161P,0,0,0,0,0,0,0,1,-1,0,0,0,0,0,0,0,0,0,0,0,88.6,112.7,0.62,0.12,0,0,8.76,5.02,0,3,0.1509433962264151,-2,-1.1,5,-1.5,1,-0.3,3,-1.0,2.3539174838935306
A172W,0,1,0,0,0,0,0,0,-1,0,0,0,0,0,0,0,0,0,0,0,88.6,227.8,0.62,0.81,0,0,8.76,1.25,0,3,0.2358490566037736,1,-0.3,3,-0.9,-13,-0.3,-15,-0.2,2.1631679143619653
A20M,0,0,0,0,0,0,0,0,-1,0,0,0,0,0,0,0,0,0,0,1,88.6,162.9,0.62,0.64,0,0,8.76,2.32,0,2,0.0,32,-0.9,34,-2.3,77,-0.1,2,-0.4,3.9207799740413334
A4H,0,0,0,0,0,0,0,0,-1,0,0,0,0,1,0,0,0,0,0,0,88.6,153.2,0.62,-0.4,0,0.1,8.76,2.26,0,7,0.33962264150943394,31,-0.4,30,-2.2,27,-0.1,29,-1.9,2.252562606409876
A67P,0,0,0,0,0,0,0,1,-1,0,0,0,0,0,0,0,0,0,0,0,88.6,112.7,0.62,0.12,0,0,8.76,5.02,24,3,0.7358490566037735,1,-0.3,3,-2.1,2,-0.2,-1,-0.2,1.7675857875714847
A88F,0,0,0,0,0,0,0,0,-1,0,0,1,0,0,0,0,0,0,0,0,88.6,189.9,0.62,1.2,0,0,8.76,3.87,13,0,0.41509433962264153,-4,-1.9,4,-2.1,1,-0.2,-2,-0.2,1.9972643187392722
A88W,0,1,0,0,0,0,0,0,-1,0,0,0,0,0,0,0,0,0,0,0,88.6,227.8,0.62,0.81,0,0,8.76,1.25,13,0,0.41509433962264153,-4,-1.9,4,-2.1,1,-0.2,-2,-0.2,1.9972643187392722
D19L,0,0,0,0,0,0,0,0,0,0,-1,0,0,0,0,1,0,0,0,0,111.1,166.7,-0.9,1.1,-1,0,5.49,9.68,0,6,0.6257668711656442,33,-1.7,2,-0.3,1,-0.2,34,-0.2,1.7751139367302153
D19M,0,0,0,0,0,0,0,0,0,0,-1,0,0,0,0,0,0,0,0,1,111.1,162.9,-0.9,0.64,-1,0,5.49,2.32,0,6,0.6257668711656442,33,-1.7,2,-0.3,1,-0.2,34,-0.2,1.7751139367302153
D63N,0,0,0,0,0,0,0,0,0,0,-1,0,0,0,0,0,0,0,1,0,111.1,114.1,-0.9,-0.78,-1,0,5.49,3.93,3,7,0.6625766871165644,-2,-1.6,-34,-0.2,-4,-0.0,-1,-0.2,1.7817357715736357
D81W,0,1,0,0,0,0,0,0,0,0,-1,0,0,0,0,0,0,0,0,0,111.1,227.8,-0.9,0.81,-1,0,5.49,1.25,63,0,0.44171779141104295,-4,-2.8,4,-2.4,1,-0.2,-1,-0.2,1.8714429972687903
E10L,0,0,-1,0,0,0,0,0,0,0,0,0,0,0,0,1,0,0,0,0,138.4,166.7,-0.74,1.1,-1,0,6.32,9.68,1,0,0.4381443298969072,1,-0.2,-2,-0.2,3,-0.0,-1,-0.1,1.8842769050544286
E10Q,1,0,-1,0,0,0,0,0,0,0,0,0,0,0,0,0,0,0,0,0,138.4,143.8,-0.74,-0.85,-1,0,6.32,3.9,1,0,0.4381443298969072,1,-0.2,-2,-0.2,3,-0.0,-1,-0.1,1.8842769050544286
E117L,0,0,-1,0,0,0,0,0,0,0,0,0,0,0,0,1,0,0,0,0,138.4,166.7,-0.74,1.1,-1,0,6.32,9.68,74,5,0.3711340206185567,-4,-1.4,-1,-0.3,-3,-0.3,-2,-0.2,1.751069861237358
E124L,0,0,-1,0,0,0,0,0,0,0,0,0,0,0,0,1,0,0,0,0,138.4,166.7,-0.74,1.1,-1,0,6.32,9.68,0,0,0.520618556701031,-4,-1.9,-1,-0.2,1,-0.2,-2,-0.2,1.8844201834623802
E150T,0,0,-1,0,1,0,0,0,0,0,0,0,0,0,0,0,0,0,0,0,138.4,116.1,-0.74,-0.05,-1,0,6.32,5.53,0,3,0.7577319587628866,1,-0.3,-1,-0.2,3,-0.0,0,0.0,1.7697337547673475
E179L,0,0,-1,0,0,0,0,0,0,0,0,0,0,0,0,1,0,0,0,0,138.4,166.7,-0.74,1.1,-1,0,6.32,9.68,0,0,0.24742268041237114,1,-0.2,5,-2.8,2,-0.2,6,-0.4,2.108821724550551
E183K,0,0,-1,0,0,0,0,0,0,0,0,0,0,0,1,0,0,0,0,0,138.4,168.6,-0.74,-1.5,-1,1,6.32,5.19,0,0,0.4690721649484536,-5,-0.3,4,-2.2,1,-0.2,-3,-0.2,1.8336743180147492
E183P,0,0,-1,0,0,0,0,1,0,0,0,0,0,0,0,0,0,0,0,0,138.4,112.7,-0.74,0.12,-1,0,6.32,5.02,0,0,0.4690721649484536,-5,-0.3,4,-2.2,1,-0.2,-3,-0.2,1.8336743180147492
E30W,0,1,-1,0,0,0,0,0,0,0,0,0,0,0,0,0,0,0,0,0,138.4,227.8,-0.74,0.81,-1,0,6.32,1.25,0,7,0.1134020618556701,-3,-1.8,-1,-0.2,34,-0.1,5,-0.1,1.952334546733072
E47L,0,0,-1,0,0,0,0,0,0,0,0,0,0,0,0,1,0,0,0,0,138.4,166.7,-0.74,1.1,-1,0,6.32,9.68,0,0,0.4381443298969072,-4,-1.9,-1,-0.2,1,-0.3,-2,-0.2,1.9692039589699593
E6F,0,0,-1,0,0,0,0,0,0,0,0,1,0,0,0,0,0,0,0,0,138.4,189.9,-0.74,1.2,-1,0,6.32,3.87,0,7,0.3402061855670103,-2,-0.4,51,-2.3,1,-0.0,3,-0.1,2.1452251158330835
E6F,0,0,-1,0,0,0,0,0,0,0,0,1,0,0,0,0,0,0,0,0,138.4,189.9,-0.74,1.2,-1,0,6.32,3.87,0,7,0.3402061855670103,-2,-0.4,51,-2.3,1,-0.0,3,-0.1,2.1452251158330835
E6I,0,0,-1,0,0,0,1,0,0,0,0,0,0,0,0,0,0,0,0,0,138.4,166.7,-0.74,1.4,-1,0,6.32,5.49,0,7,0.3402061855670103,-2,-0.4,51,-2.3,1,-0.0,3,-0.1,2.1452251158330835
E6V,0,0,-1,0,0,0,0,0,0,0,0,0,0,0,0,0,0,1,0,0,138.4,140.0,-0.74,1.1,-1,0,6.32,6.73,0,7,0.3402061855670103,-2,-0.4,51,-2.3,1,-0.0,3,-0.1,2.1452251158330835
E6W,0,1,-1,0,0,0,0,0,0,0,0,0,0,0,0,0,0,0,0,0,138.4,227.8,-0.74,0.81,-1,0,6.32,1.25,0,7,0.3402061855670103,-2,-0.4,51,-2.3,1,-0.0,3,-0.1,2.1452251158330835
E82M,0,0,-1,0,0,0,0,0,0,0,0,0,0,0,0,0,0,0,0,1,138.4,162.9,-0.74,0.64,-1,0,6.32,2.32,5,0,0.12371134020618557,-4,-1.6,4,-1.6,2,-0.2,-1,-0.2,2.161187596774506
E82W,0,1,-1,0,0,0,0,0,0,0,0,0,0,0,0,0,0,0,0,0,138.4,227.8,-0.74,0.81,-1,0,6.32,1.25,5,0,0.12371134020618557,-4,-1.6,4,-1.6,2,-0.2,-1,-0.2,2.161187596774506
F70E,0,0,1,0,0,0,0,0,0,0,0,-1,0,0,0,0,0,0,0,0,189.9,138.4,1.2,-0.74,0,-1,3.87,6.32,15,3,0.7766497461928934,-3,-2.1,-1,-0.2,-4,-0.3,-2,-0.2,1.8998382643060017
F70K,0,0,0,0,0,0,0,0,0,0,0,-1,0,0,1,0,0,0,0,0,189.9,168.6,1.2,-1.5,0,1,3.87,5.19,15,3,0.7766497461928934,-3,-2.1,-1,-0.2,-4,-0.3,-2,-0.2,1.8998382643060017
F70R,0,0,0,1,0,0,0,0,0,0,0,-1,0,0,0,0,0,0,0,0,189.9,173.4,1.2,-2.5,0,1,3.87,5.78,15,3,0.7766497461928934,-3,-2.1,-1,-0.2,-4,-0.3,-2,-0.2,1.8998382643060017
F87I,0,0,0,0,0,0,1,0,0,0,0,-1,0,0,0,0,0,0,0,0,189.9,166.7,1.2,1.4,0,0,3.87,5.49,0,0,0.01015228426395939,-4,-1.7,4,-1.4,2,-0.2,-1,-0.2,4.875776393907255
F87L,0,0,0,0,0,0,0,0,0,0,0,-1,0,0,0,1,0,0,0,0,189.9,166.7,1.2,1.1,0,0,3.87,9.68,0,0,0.01015228426395939,-4,-1.7,4,-1.4,2,-0.2,-1,-0.2,4.875776393907255
G102A,0,0,0,0,0,0,0,0,1,0,0,0,-1,0,0,0,0,0,0,0,60.1,88.6,0.48,0.62,0,0,7.03,8.76,0,2,0.0,-79,-2.4,-77,-1.9,-2,-0.3,2,-0.3,10.597672059171646
G102F,0,0,0,0,0,0,0,0,0,0,0,1,-1,0,0,0,0,0,0,0,60.1,189.9,0.48,1.2,0,0,7.03,3.87,0,2,0.0,-79,-2.4,-77,-1.9,-2,-0.3,2,-0.3,10.597672059171646
G102V,0,0,0,0,0,0,0,0,0,0,0,0,-1,0,0,0,0,1,0,0,60.1,140.0,0.48,1.1,0,0,7.03,6.73,0,2,0.0,-79,-2.4,-77,-1.9,-2,-0.3,2,-0.3,10.597672059171646
G128A,0,0,0,0,0,0,0,0,1,0,0,0,-1,0,0,0,0,0,0,0,60.1,88.6,0.48,0.62,0,0,7.03,8.76,0,2,0.0,-29,-0.7,-27,-1.9,64,-0.0,2,-0.4,6.388521013956165
G12A,0,0,0,0,0,0,0,0,1,0,0,0,-1,0,0,0,0,0,0,0,60.1,88.6,0.48,0.62,0,0,7.03,8.76,0,7,0.14285714285714285,-4,-0.8,2,-0.3,-5,-0.4,5,-0.1,1.790843721650111
G12F,0,0,0,0,0,0,0,0,0,0,0,1,-1,0,0,0,0,0,0,0,60.1,189.9,0.48,1.2,0,0,7.03,3.87,0,7,0.14285714285714285,-4,-0.8,2,-0.3,-5,-0.4,5,-0.1,1.790843721650111
G12I,0,0,0,0,0,0,1,0,0,0,0,0,-1,0,0,0,0,0,0,0,60.1,166.7,0.48,1.4,0,0,7.03,5.49,0,7,0.14285714285714285,-4,-0.8,2,-0.3,-5,-0.4,5,-0.1,1.790843721650111
G12L,0,0,0,0,0,0,0,0,0,0,0,0,-1,0,0,1,0,0,0,0,60.1,166.7,0.48,1.1,0,0,7.03,9.68,0,7,0.14285714285714285,-4,-0.8,2,-0.3,-5,-0.4,5,-0.1,1.790843721650111
G143W,0,1,0,0,0,0,0,0,0,0,0,0,-1,0,0,0,0,0,0,0,60.1,227.8,0.48,0.81,0,0,7.03,1.25,13,6,0.023809523809523808,-3,-1.4,-1,-0.2,-6,-0.2,-3,-0.1,2.0710776305600422
G182Q,1,0,0,0,0,0,0,0,0,0,0,0,-1,0,0,0,0,0,0,0,60.1,143.8,0.48,-0.85,0,0,7.03,3.9,0,5,0.20238095238095238,-4,-2.3,4,-2.1,-5,-0.2,3,-0.3,2.0391228742809204
G83A,0,0,0,0,0,0,0,0,1,0,0,0,-1,0,0,0,0,0,0,0,60.1,88.6,0.48,0.62,0,0,7.03,8.76,2,0,0.0,-4,-1.7,4,-1.7,2,-0.2,-2,-0.2,4.6165171594310666
G83A,0,0,0,0,0,0,0,0,1,0,0,0,-1,0,0,0,0,0,0,0,60.1,88.6,0.48,0.62,0,0,7.03,8.76,2,0,0.0,-4,-1.7,4,-1.7,2,-0.2,-2,-0.2,4.6165171594310666
G83I,0,0,0,0,0,0,1,0,0,0,0,0,-1,0,0,0,0,0,0,0,60.1,166.7,0.48,1.4,0,0,7.03,5.49,2,0,0.0,-4,-1.7,4,-1.7,2,-0.2,-2,-0.2,4.6165171594310666
G83L,0,0,0,0,0,0,0,0,0,0,0,0,-1,0,0,1,0,0,0,0,60.1,166.7,0.48,1.1,0,0,7.03,9.68,2,0,0.0,-4,-1.7,4,-1.7,2,-0.2,-2,-0.2,4.6165171594310666
G83V,0,0,0,0,0,0,0,0,0,0,0,0,-1,0,0,0,0,1,0,0,60.1,140.0,0.48,1.1,0,0,7.03,6.73,2,0,0.0,-4,-1.7,4,-1.7,2,-0.2,-2,-0.2,4.6165171594310666
G8D,0,0,0,0,0,0,0,0,0,0,1,0,-1,0,0,0,0,0,0,0,60.1,111.1,0.48,-0.9,0,-1,7.03,5.49,0,0,0.21428571428571427,47,-2.6,4,-0.8,1,-0.2,48,-0.2,1.8285788685561903
H49L,0,0,0,0,0,0,0,0,0,0,0,0,0,-1,0,1,0,0,0,0,153.2,166.7,-0.4,1.1,0.1,0,2.26,9.68,0,5,0.2391304347826087,-3,-1.2,2,-0.4,-4,-0.3,-2,-0.2,2.0064249036238913
H49Y,0,0,0,0,0,1,0,0,0,0,0,0,0,-1,0,0,0,0,0,0,153.2,193.6,-0.4,0.26,0.1,0,2.26,2.91,0,5,0.2391304347826087,-3,-1.2,2,-0.4,-4,-0.3,-2,-0.2,2.0064249036238913
I111T,0,0,0,0,1,0,-1,0,0,0,0,0,0,0,0,0,0,0,0,0,166.7,116.1,1.4,-0.05,0,0,5.49,5.53,0,0,0.0,-4,-2.5,4,-2.6,2,-0.2,5,-0.2,6.16378193674832
I111V,0,0,0,0,0,0,-1,0,0,0,0,0,0,0,0,0,0,1,0,0,166.7,140.0,1.4,1.1,0,0,5.49,6.73,0,0,0.0,-4,-2.5,4,-2.6,2,-0.2,5,-0.2,6.16378193674832
I178P,0,0,0,0,0,0,-1,1,0,0,0,0,0,0,0,0,0,0,0,0,166.7,112.7,1.4,0.12,0,0,5.49,5.02,0,0,0.7218934911242604,2,-0.2,4,-2.3,1,-0.2,5,-0.3,1.8990328991532175
I192L,0,0,0,0,0,0,-1,0,0,0,0,0,0,0,0,1,0,0,0,0,166.7,166.7,1.4,1.1,0,0,5.49,9.68,0,0,0.20710059171597633,-4,-1.1,-1,-0.3,-3,-0.6,-2,-0.2,2.505172235469
I192L,0,0,0,0,0,0,-1,0,0,0,0,0,0,0,0,1,0,0,0,0,166.7,166.7,1.4,1.1,0,0,5.49,9.68,0,0,0.20710059171597633,-4,-1.1,-1,-0.3,-3,-0.6,-2,-0.2,2.505172235469
K123L,0,0,0,0,0,0,0,0,0,0,0,0,0,0,-1,1,0,0,0,0,168.6,166.7,-1.5,1.1,1,0,5.19,9.68,17,0,0.22439024390243903,-4,-0.7,3,-0.8,1,-0.2,-1,-0.2,2.284556091555781
K153F,0,0,0,0,0,0,0,0,0,0,0,1,0,0,-1,0,0,0,0,0,168.6,189.9,-1.5,1.2,1,0,5.19,3.87,0,2,0.33658536585365856,-24,-2.0,-22,-2.4,-2,-0.3,2,-0.5,2.3367404620583994
K153F,0,0,0,0,0,0,0,0,0,0,0,1,0,0,-1,0,0,0,0,0,168.6,189.9,-1.5,1.2,1,0,5.19,3.87,0,2,0.33658536585365856,-24,-2.0,-22,-2.4,-2,-0.3,2,-0.5,2.3367404620583994
K153L,0,0,0,0,0,0,0,0,0,0,0,0,0,0,-1,1,0,0,0,0,168.6,166.7,-1.5,1.1,1,0,5.19,9.68,0,2,0.33658536585365856,-24,-2.0,-22,-2.4,-2,-0.3,2,-0.5,2.3367404620583994
K153Y,0,0,0,0,0,1,0,0,0,0,0,0,0,0,-1,0,0,0,0,0,168.6,193.6,-1.5,0.26,1,0,5.19,2.91,0,2,0.33658536585365856,-24,-2.0,-22,-2.4,-2,-0.3,2,-0.5,2.3367404620583994
K93L,0,0,0,0,0,0,0,0,0,0,0,0,0,0,-1,1,0,0,0,0,168.6,166.7,-1.5,1.1,1,0,5.19,9.68,0,0,0.22439024390243903,-4,-2.6,-2,-0.2,1,-0.2,-3,-0.2,2.076749989068996
L66W,0,1,0,0,0,0,0,0,0,0,0,0,0,0,0,-1,0,0,0,0,166.7,227.8,1.1,0.81,0,0,9.68,1.25,0,6,0.6646341463414634,1,-0.2,3,-1.4,2,-0.1,4,-0.3,1.8608178212791404
M34L,0,0,0,0,0,0,0,0,0,0,0,0,0,0,0,1,0,0,0,-1,162.9,166.7,0.64,1.1,0,0,2.32,9.68,0,5,0.0,-30,-2.2,5,-0.5,-3,-0.2,3,-0.2,4.766814219496684
N137A,0,0,0,0,0,0,0,0,1,0,0,0,0,0,0,0,0,0,-1,0,114.1,88.6,-0.78,0.62,0,0,3.93,8.76,0,5,0.21656050955414013,-3,-1.4,5,-2.9,25,-0.4,6,-0.2,2.4512636285437823
N137C,0,0,0,0,0,0,0,0,0,0,0,0,0,0,0,0,1,0,-1,0,114.1,108.5,-0.78,0.29,0,0,3.93,1.38,0,5,0.21656050955414013,-3,-1.4,5,-2.9,25,-0.4,6,-0.2,2.4512636285437823
N137F,0,0,0,0,0,0,0,0,0,0,0,1,0,0,0,0,0,0,-1,0,114.1,189.9,-0.78,1.2,0,0,3.93,3.87,0,5,0.21656050955414013,-3,-1.4,5,-2.9,25,-0.4,6,-0.2,2.4512636285437823
N137F,0,0,0,0,0,0,0,0,0,0,0,1,0,0,0,0,0,0,-1,0,114.1,189.9,-0.78,1.2,0,0,3.93,3.87,0,5,0.21656050955414013,-3,-1.4,5,-2.9,25,-0.4,6,-0.2,2.4512636285437823
N137L,0,0,0,0,0,0,0,0,0,0,0,0,0,0,0,1,0,0,-1,0,114.1,166.7,-0.78,1.1,0,0,3.93,9.68,0,5,0.21656050955414013,-3,-1.4,5,-2.9,25,-0.4,6,-0.2,2.4512636285437823
N137V,0,0,0,0,0,0,0,0,0,0,0,0,0,0,0,0,0,1,-1,0,114.1,140.0,-0.78,1.1,0,0,3.93,6.73,0,5,0.21656050955414013,-3,-1.4,5,-2.9,25,-0.4,6,-0.2,2.4512636285437823
N137W,0,1,0,0,0,0,0,0,0,0,0,0,0,0,0,0,0,0,-1,0,114.1,227.8,-0.78,0.81,0,0,3.93,1.25,0,5,0.21656050955414013,-3,-1.4,5,-2.9,25,-0.4,6,-0.2,2.4512636285437823
N140F,0,0,0,0,0,0,0,0,0,0,0,1,0,0,0,0,0,0,-1,0,114.1,189.9,-0.78,1.2,0,0,3.93,3.87,38,5,0.3248407643312102,-4,-2.7,3,-1.4,3,-0.1,-1,-0.3,1.9108832000184237
N140W,0,1,0,0,0,0,0,0,0,0,0,0,0,0,0,0,0,0,-1,0,114.1,227.8,-0.78,0.81,0,0,3.93,1.25,38,5,0.3248407643312102,-4,-2.7,3,-1.4,3,-0.1,-1,-0.3,1.9108832000184237
N157A,0,0,0,0,0,0,0,0,1,0,0,0,0,0,0,0,0,0,-1,0,114.1,88.6,-0.78,0.62,0,0,3.93,8.76,0,7,0.25477707006369427,-2,-0.4,3,-1.7,15,-0.2,6,-0.2,1.7762719540097303
N157P,0,0,0,0,0,0,0,1,0,0,0,0,0,0,0,0,0,0,-1,0,114.1,112.7,-0.78,0.12,0,0,3.93,5.02,0,7,0.25477707006369427,-2,-0.4,3,-1.7,15,-0.2,6,-0.2,1.7762719540097303
N44W,0,1,0,0,0,0,0,0,0,0,0,0,0,0,0,0,0,0,-1,0,114.1,227.8,-0.78,0.81,0,0,3.93,1.25,0,0,0.6496815286624203,-4,-2.6,4,-1.1,-5,-0.2,-2,-0.2,1.7220579251862436
N69M,0,0,0,0,0,0,0,0,0,0,0,0,0,0,0,0,0,0,-1,1,114.1,162.9,-0.78,0.64,0,0,3.93,2.32,9,3,0.10191082802547771,-3,-1.4,-1,-0.3,-4,-0.4,-2,-0.2,2.2344804774181553
N79A,0,0,0,0,0,0,0,0,1,0,0,0,0,0,0,0,0,0,-1,0,114.1,88.6,-0.78,0.62,0,0,3.93,8.76,34,0,0.01910828025477707,2,-0.2,4,-1.7,1,-0.2,-1,-0.2,2.9022804466806225
N79F,0,0,0,0,0,0,0,0,0,0,0,1,0,0,0,0,0,0,-1,0,114.1,189.9,-0.78,1.2,0,0,3.93,3.87,34,0,0.01910828025477707,2,-0.2,4,-1.7,1,-0.2,-1,-0.2,2.9022804466806225
N79P,0,0,0,0,0,0,0,1,0,0,0,0,0,0,0,0,0,0,-1,0,114.1,112.7,-0.78,0.12,0,0,3.93,5.02,34,0,0.01910828025477707,2,-0.2,4,-1.7,1,-0.2,-1,-0.2,2.9022804466806225
N79T,0,0,0,0,1,0,0,0,0,0,0,0,0,0,0,0,0,0,-1,0,114.1,116.1,-0.78,-0.05,0,0,3.93,5.53,34,0,0.01910828025477707,2,-0.2,4,-1.7,1,-0.2,-1,-0.2,2.9022804466806225
N91A,0,0,0,0,0,0,0,0,1,0,0,0,0,0,0,0,0,0,-1,0,114.1,88.6,-0.78,0.62,0,0,3.93,8.76,0,0,0.25477707006369427,-4,-1.4,-2,-0.2,2,-0.2,-1,-0.2,2.162549761305719
N91M,0,0,0,0,0,0,0,0,0,0,0,0,0,0,0,0,0,0,-1,1,114.1,162.9,-0.78,0.64,0,0,3.93,2.32,0,0,0.25477707006369427,-4,-1.4,-2,-0.2,2,-0.2,-1,-0.2,2.162549761305719
N91W,0,1,0,0,0,0,0,0,0,0,0,0,0,0,0,0,0,0,-1,0,114.1,227.8,-0.78,0.81,0,0,3.93,1.25,0,0,0.25477707006369427,-4,-1.4,-2,-0.2,2,-0.2,-1,-0.2,2.162549761305719
N96W,0,1,0,0,0,0,0,0,0,0,0,0,0,0,0,0,0,0,-1,0,114.1,227.8,-0.78,0.81,0,0,3.93,1.25,0,5,1.0,2,-0.1,-5,-0.1,-5,-0.0,-2,-0.0,1.7221155353156643
P95S,0,0,0,0,0,0,0,-1,0,1,0,0,0,0,0,0,0,0,0,0,112.7,89.0,0.12,-0.18,0,0,5.02,7.14,0,5,0.5147058823529411,0,0.0,-1,-0.1,0,0.0,-4,-0.1,1.9932513002908354
Q125L,-1,0,0,0,0,0,0,0,0,0,0,0,0,0,0,1,0,0,0,0,143.8,166.7,-0.85,1.1,0,0,3.9,9.68,0,0,0.050505050505050504,-4,-1.5,-26,-2.5,-5,-0.1,2,-1.2,2.358557920463497
Q56A,-1,0,0,0,0,0,0,0,1,0,0,0,0,0,0,0,0,0,0,0,143.8,88.6,-0.85,0.62,0,0,3.9,8.76,0,2,0.015151515151515152,-34,-2.5,-32,-2.8,-2,-0.4,-49,-0.2,3.722379327474302
Q56F,-1,0,0,0,0,0,0,0,0,0,0,1,0,0,0,0,0,0,0,0,143.8,189.9,-0.85,1.2,0,0,3.9,3.87,0,2,0.015151515151515152,-34,-2.5,-32,-2.8,-2,-0.4,-49,-0.2,3.722379327474302
Q56I,-1,0,0,0,0,0,1,0,0,0,0,0,0,0,0,0,0,0,0,0,143.8,166.7,-0.85,1.4,0,0,3.9,5.49,0,2,0.015151515151515152,-34,-2.5,-32,-2.8,-2,-0.4,-49,-0.2,3.722379327474302
Q56S,-1,0,0,0,0,0,0,0,0,1,0,0,0,0,0,0,0,0,0,0,143.8,89.0,-0.85,-0.18,0,0,3.9,7.14,0,2,0.015151515151515152,-34,-2.5,-32,-2.8,-2,-0.4,-49,-0.2,3.722379327474302
Q56V,-1,0,0,0,0,0,0,0,0,0,0,0,0,0,0,0,0,1,0,0,143.8,140.0,-0.85,1.1,0,0,3.9,6.73,0,2,0.015151515151515152,-34,-2.5,-32,-2.8,-2,-0.4,-49,-0.2,3.722379327474302
Q92I,-1,0,0,0,0,0,1,0,0,0,0,0,0,0,0,0,0,0,0,0,143.8,166.7,-0.85,1.4,0,0,3.9,5.49,6,0,0.7727272727272727,-4,-2.1,-2,-0.2,2,-0.2,-1,-0.2,1.800102218496833
R141N,0,0,0,-1,0,0,0,0,0,0,0,0,0,0,0,0,0,0,1,0,173.4,114.1,-2.5,-0.78,1,0,5.78,3.93,5,5,0.782258064516129,-3,-1.6,-3,-0.2,1,-0.3,-4,-0.1,1.8940839624695762
R149L,0,0,0,-1,0,0,0,0,0,0,0,0,0,0,0,1,0,0,0,0,173.4,166.7,-2.5,1.1,1,0,5.78,9.68,1,3,0.5806451612903226,1,-0.2,3,-1.0,2,-0.2,0,0.0,1.8216644510896396
R149P,0,0,0,-1,0,0,0,1,0,0,0,0,0,0,0,0,0,0,0,0,173.4,112.7,-2.5,0.12,1,0,5.78,5.02,1,3,0.5806451612903226,1,-0.2,3,-1.0,2,-0.2,0,0.0,1.8216644510896396
R151W,0,1,0,-1,0,0,0,0,0,0,0,0,0,0,0,0,0,0,0,0,173.4,227.8,-2.5,0.81,1,0,5.78,1.25,0,3,0.1532258064516129,-3,-1.0,-22,-2.5,-23,-0.1,2,-0.3,2.535526626957311
R191L,0,0,0,-1,0,0,0,0,0,0,0,0,0,0,0,1,0,0,0,0,173.4,166.7,-2.5,1.1,1,0,5.78,9.68,0,0,0.3185483870967742,-4,-2.0,-1,-0.2,1,-0.3,-2,-0.2,2.1317181954134763
R26D,0,0,0,-1,0,0,0,0,0,0,1,0,0,0,0,0,0,0,0,0,173.4,111.1,-2.5,-0.9,1,-1,5.78,5.49,0,7,0.06048387096774194,-2,-0.5,81,-0.4,7,-0.4,9,-0.1,3.834077558108606
R26G,0,0,0,-1,0,0,0,0,0,0,0,0,1,0,0,0,0,0,0,0,173.4,60.1,-2.5,0.48,1,0,5.78,7.03,0,7,0.06048387096774194,-2,-0.5,81,-0.4,7,-0.4,9,-0.1,3.834077558108606
R26H,0,0,0,-1,0,0,0,0,0,0,0,0,0,1,0,0,0,0,0,0,173.4,153.2,-2.5,-0.4,1,0.1,5.78,2.26,0,7,0.06048387096774194,-2,-0.5,81,-0.4,7,-0.4,9,-0.1,3.834077558108606
R26P,0,0,0,-1,0,0,0,1,0,0,0,0,0,0,0,0,0,0,0,0,173.4,112.7,-2.5,0.12,1,0,5.78,5.02,0,7,0.06048387096774194,-2,-0.5,81,-0.4,7,-0.4,9,-0.1,3.834077558108606
R26P,0,0,0,-1,0,0,0,1,0,0,0,0,0,0,0,0,0,0,0,0,173.4,112.7,-2.5,0.12,1,0,5.78,5.02,0,7,0.06048387096774194,-2,-0.5,81,-0.4,7,-0.4,9,-0.1,3.834077558108606
R26S,0,0,0,-1,0,0,0,0,0,1,0,0,0,0,0,0,0,0,0,0,173.4,89.0,-2.5,-0.18,1,0,5.78,7.14,0,7,0.06048387096774194,-2,-0.5,81,-0.4,7,-0.4,9,-0.1,3.834077558108606
R26T,0,0,0,-1,1,0,0,0,0,0,0,0,0,0,0,0,0,0,0,0,173.4,116.1,-2.5,-0.05,1,0,5.78,5.53,0,7,0.06048387096774194,-2,-0.5,81,-0.4,7,-0.4,9,-0.1,3.834077558108606