"Q","W","E","R","T","Y","I","P","A","S","D","F","G","H","K","L","C","V","N","M",Vw,Vm,Hiw,Him,Cw,Cm,Ow,Om
0,0,0,0,0,0,0,0,-1,0,1,0,0,0,0,0,0,0,0,0,0,88.6,89.0,0.62,-0.18,0,0,8.76,7.14
0,0,0,0,1,0,0,0,-1,0,0,0,0,0,0,0,0,0,0,0,0,88.6,116.1,0.62,-0.05,0,0,8.76,5.53
0,0,0,0,0,0,0,1,-1,0,0,0,0,0,0,0,0,0,0,0,0,88.6,112.7,0.62,0.12,0,0,8.76,5.02
0,0,0,0,0,0,0,1,-1,0,0,0,0,0,0,0,0,0,0,0,0,88.6,112.7,0.62,0.12,0,0,8.76,5.02
0,0,0,0,0,0,0,0,-1,0,0,0,0,0,0,0,0,0,1,0,0,88.6,140.0,0.62,1.1,0,0,8.76,6.73
0,0,0,0,0,0,0,1,-1,0,0,0,0,0,0,0,0,0,0,0,0,88.6,112.7,0.62,0.12,0,0,8.76,5.02
0,0,0,0,0,0,0,1,-1,0,0,0,0,0,0,0,0,0,0,0,0,88.6,112.7,0.62,0.12,0,0,8.76,5.02
0,1,0,0,0,0,0,0,-1,0,0,0,0,0,0,0,0,0,0,0,0,88.6,227.8,0.62,0.81,0,0,8.76,1.25
0,0,0,0,0,0,0,0,-1,0,0,0,0,0,0,0,0,0,1,0,0,88.6,140.0,0.62,1.1,0,0,8.76,6.73
0,0,0,1,0,0,0,0,0,0,-1,0,0,0,0,0,0,0,0,0,0,111.1,173.4,-0.9,-2.5,-1,1,5.49,5.78
0,0,0,0,0,0,0,0,0,0,-1,0,0,0,1,0,0,0,0,0,0,111.1,153.2,-0.9,-0.4,-1,0.1,5.49,2.26
0,1,0,0,0,0,0,0,0,0,-1,0,0,0,0,0,0,0,0,0,0,111.1,227.8,-0.9,0.81,-1,0,5.49,1.25
0,0,1,0,0,0,0,0,0,0,-1,0,0,0,0,0,0,0,0,0,0,111.1,138.4,-0.9,-0.74,-1,-1,5.49,6.32
0,0,-1,0,0,0,0,0,0,0,0,0,0,0,0,1,0,0,0,0,0,138.4,168.6,-0.74,-1.5,-1,1,6.32,5.19
0,0,-1,0,0,0,0,0,0,0,0,0,0,0,0,0,0,0,0,0,1,138.4,162.9,-0.74,0.64,-1,0,6.32,2.32
0,0,-1,0,1,0,0,0,0,0,0,0,0,0,0,0,0,0,0,0,0,138.4,173.4,-0.74,-2.5,-1,1,6.32,5.78
0,0,0,0,0,0,0,0,0,0,0,0,-1,0,0,0,0,0,0,1,0,60.1,114.1,0.48,-0.78,0,0,7.03,3.93
0,0,0,0,1,0,0,0,0,0,0,0,-1,0,0,0,0,0,0,0,0,60.1,116.1,0.48,-0.05,0,0,7.03,5.53
0,0,0,0,0,0,0,0,1,0,0,0,-1,0,0,0,0,0,0,0,0,60.1,88.6,0.48,0.62,0,0,7.03,8.76
0,0,0,0,0,0,0,0,0,0,0,0,-1,0,0,0,0,0,1,0,0,60.1,140.0,0.48,1.1,0,0,7.03,6.73
0,0,0,0,0,0,0,0,1,0,0,0,-1,0,0,0,0,0,0,0,0,60.1,88.6,0.48,0.62,0,0,7.03,8.76
0,0,0,0,0,0,0,0,0,0,0,1,0,-1,0,0,0,0,0,0,0,153.2,189.9,-0.4,1.2,0.1,0,2.26,3.87
0,0,0,1,0,0,-1,0,0,0,0,0,0,0,0,0,0,0,0,0,0,166.7,173.4,1.4,-2.5,0,1,5.49,5.78
0,0,0,0,0,0,-1,0,0,0,0,0,0,0,0,0,0,0,1,0,0,166.7,140.0,1.4,1.1,0,0,5.49,6.73
0,1,0,0,0,0,0,0,0,0,0,0,0,0,-1,0,0,0,0,0,0,168.6,227.8,-1.5,0.81,1,0,5.19,1.25
0,0,0,0,0,0,0,0,0,0,0,1,0,0,-1,0,0,0,0,0,0,168.6,189.9,-1.5,1.2,1,0,5.19,3.87
0,0,0,0,0,0,0,0,1,0,0,0,0,0,-1,0,0,0,0,0,0,168.6,88.6,-1.5,0.62,1,0,5.19,8.76
0,0,0,0,0,0,0,0,0,0,0,1,0,0,0,-1,0,0,0,0,0,166.7,189.9,1.1,1.2,0,0,9.68,3.87
0,0,0,0,0,0,0,0,0,0,0,1,0,0,0,0,0,0,0,-1,0,162.9,189.9,0.64,1.2,0,0,2.32,3.87
0,0,0,1,0,0,0,0,0,0,0,0,0,0,0,0,0,0,-1,0,0,114.1,173.4,-0.78,-2.5,0,1,3.93,5.78
0,0,0,0,0,0,0,0,0,0,0,0,0,0,0,0,0,1,-1,0,0,114.1,140.0,-0.78,1.1,0,0,3.93,6.73
0,0,0,0,0,0,0,0,0,0,0,0,0,0,0,1,0,0,-1,0,0,114.1,166.7,-0.78,1.1,0,0,3.93,9.68
0,1,0,0,0,0,0,0,0,0,0,0,0,0,0,0,0,0,-1,0,0,114.1,227.8,-0.78,0.81,0,0,3.93,1.25
0,0,0,0,0,0,0,1,0,0,0,0,0,0,0,0,0,0,-1,0,0,114.1,112.7,-0.78,0.12,0,0,3.93,5.02
0,0,0,0,0,0,0,-1,0,1,0,0,0,0,0,0,0,0,0,0,0,112.7,88.6,0.12,0.62,0,0,5.02,8.76
0,0,0,0,0,0,0,-1,0,0,0,0,0,0,0,1,0,0,0,0,0,112.7,168.6,0.12,-1.5,0,1,5.02,5.19
0,0,0,0,0,0,0,-1,0,0,0,0,0,0,0,0,1,0,0,0,0,112.7,166.7,0.12,1.1,0,0,5.02,9.68
-1,0,0,0,0,0,1,0,0,0,0,0,0,0,0,0,0,0,0,0,0,143.8,193.6,-0.85,0.26,0,0,3.9,2.91
-1,0,0,0,0,0,1,0,0,0,0,0,0,0,0,0,0,0,0,0,0,143.8,193.6,-0.85,0.26,0,0,3.9,2.91
-1,0,0,0,0,0,0,0,0,0,0,0,0,0,0,0,1,0,0,0,0,143.8,166.7,-0.85,1.1,0,0,3.9,9.68
-1,0,0,0,0,0,0,0,0,0,0,0,0,0,0,0,0,0,1,0,0,143.8,140.0,-0.85,1.1,0,0,3.9,6.73
-1,0,0,0,0,0,0,0,1,0,0,0,0,0,0,0,0,0,0,0,0,143.8,112.7,-0.85,0.12,0,0,3.9,5.02
0,0,0,-1,0,0,0,0,0,0,0,0,1,0,0,0,0,0,0,0,0,173.4,189.9,-2.5,1.2,1,0,5.78,3.87
0,0,0,-1,0,0,0,0,0,0,0,0,0,0,0,0,0,0,1,0,0,173.4,140.0,-2.5,1.1,1,0,5.78,6.73
0,0,0,-1,0,0,0,0,0,1,0,0,0,0,0,0,0,0,0,0,0,173.4,88.6,-2.5,0.62,1,0,5.78,8.76
0,0,0,-1,0,0,0,0,0,0,0,1,0,0,0,0,0,0,0,0,0,173.4,111.1,-2.5,-0.9,1,-1,5.78,5.49
0,0,0,1,0,0,0,0,0,-1,0,0,0,0,0,0,0,0,0,0,0,89.0,173.4,-0.18,-2.5,0,1,7.14,5.78
1,0,0,0,0,0,0,0,0,-1,0,0,0,0,0,0,0,0,0,0,0,89.0,143.8,-0.18,-0.85,0,0,7.14,3.9
0,0,0,0,0,0,0,1,0,-1,0,0,0,0,0,0,0,0,0,0,0,89.0,112.7,-0.18,0.12,0,0,7.14,5.02
0,0,0,0,1,0,0,0,0,-1,0,0,0,0,0,0,0,0,0,0,0,89.0,116.1,-0.18,-0.05,0,0,7.14,5.53
0,1,0,0,0,0,0,0,0,-1,0,0,0,0,0,0,0,0,0,0,0,89.0,227.8,-0.18,0.81,0,0,7.14,1.25
0,0,0,0,0,0,0,1,0,-1,0,0,0,0,0,0,0,0,0,0,0,89.0,112.7,-0.18,0.12,0,0,7.14,5.02
0,1,0,0,0,0,0,0,0,-1,0,0,0,0,0,0,0,0,0,0,0,89.0,227.8,-0.18,0.81,0,0,7.14,1.25
1,0,0,0,0,0,0,0,0,-1,0,0,0,0,0,0,0,0,0,0,0,89.0,143.8,-0.18,-0.85,0,0,7.14,3.9
0,0,0,1,0,0,0,0,0,-1,0,0,0,0,0,0,0,0,0,0,0,89.0,173.4,-0.18,-2.5,0,1,7.14,5.78
0,0,0,0,0,0,0,0,0,-1,0,0,1,0,0,0,0,0,0,0,0,89.0,189.9,-0.18,1.2,0,0,7.14,3.87
0,1,0,0,0,0,0,0,0,-1,0,0,0,0,0,0,0,0,0,0,0,89.0,227.8,-0.18,0.81,0,0,7.14,1.25
0,0,0,0,0,0,0,1,0,-1,0,0,0,0,0,0,0,0,0,0,0,89.0,112.7,-0.18,0.12,0,0,7.14,5.02
0,0,0,0,-1,0,0,0,1,0,0,0,0,0,0,0,0,0,0,0,0,116.1,112.7,-0.05,0.12,0,0,5.53,5.02
0,0,0,0,-1,0,0,0,1,0,0,0,0,0,0,0,0,0,0,0,0,116.1,112.7,-0.05,0.12,0,0,5.53,5.02
0,0,0,0,-1,0,0,0,0,0,0,1,0,0,0,0,0,0,0,0,0,116.1,111.1,-0.05,-0.9,0,-1,5.53,5.49
0,0,0,0,-1,0,0,0,1,0,0,0,0,0,0,0,0,0,0,0,0,116.1,112.7,-0.05,0.12,0,0,5.53,5.02
0,0,0,0,-1,0,0,0,0,0,0,0,0,0,0,0,0,0,1,0,0,116.1,140.0,-0.05,1.1,0,0,5.53,6.73
0,0,0,0,-1,0,0,0,1,0,0,0,0,0,0,0,0,0,0,0,0,116.1,112.7,-0.05,0.12,0,0,5.53,5.02
0,0,0,0,-1,0,0,0,1,0,0,0,0,0,0,0,0,0,0,0,0,116.1,112.7,-0.05,0.12,0,0,5.53,5.02
0,0,0,0,-1,0,0,0,0,0,0,0,0,0,0,0,0,0,1,0,0,116.1,140.0,-0.05,1.1,0,0,5.53,6.73
0,0,0,0,-1,0,0,0,1,0,0,0,0,0,0,0,0,0,0,0,0,116.1,112.7,-0.05,0.12,0,0,5.53,5.02
0,0,1,0,-1,0,0,0,0,0,0,0,0,0,0,0,0,0,0,0,0,116.1,138.4,-0.05,-0.74,0,-1,5.53,6.32
0,0,0,0,-1,0,0,0,1,0,0,0,0,0,0,0,0,0,0,0,0,116.1,112.7,-0.05,0.12,0,0,5.53,5.02
0,0,0,0,0,0,0,0,0,0,0,0,0,0,0,1,0,-1,0,0,0,140.0,166.7,1.1,1.1,0,0,6.73,9.68
0,-1,0,0,0,0,0,0,0,0,0,0,0,0,1,0,0,0,0,0,0,227.8,153.2,0.81,-0.4,0,0.1,1.25,2.26
