A74T,0,0,0,0,1,0,0,0,-1,0,0,0,0,0,0,0,0,0,0,0,88.6,116.1,0.62,-0.05,0,0,8.76,5.53,72,7,0.1320754716981132,-3,-0.3,-39,-0.4,-23,-0.1,-1,-0.1,3.042772112870506
S121D,0,0,0,0,0,0,0,0,0,-1,1,0,0,0,0,0,0,0,0,0,89.0,111.1,-0.18,-0.9,0,-1,7.14,5.49,42,0,0.5923076923076923,1,-0.2,4,-2.3,2,-0.2,5,-0.2,2.1762987383724948
A152S,0,0,0,0,0,0,0,0,-1,1,0,0,0,0,0,0,0,0,0,0,88.6,89.0,0.62,-0.18,0,0,8.76,7.14,42,2,0.6981132075471698,1,-0.2,2,-0.5,-3,-0.1,-1,-0.3,2.0964353812154632
G155A,0,0,0,0,0,0,0,0,1,0,0,0,-1,0,0,0,0,0,0,0,60.1,88.6,0.48,0.62,0,0,7.03,8.76,72,2,0.0,-75,-2.4,-73,-2.0,-2,-0.3,2,-0.4,5.6081537597582996
W159H,0,-1,0,0,0,0,0,0,0,0,0,0,0,1,0,0,0,0,0,0,227.8,153.2,0.81,-0.4,0,0.1,1.25,2.26,67,1,0.13656387665198239,-75,-2.2,3,-2.7,-2,-0.3,24,-0.2,5.0723372916098475
A180I,0,0,0,0,0,0,1,0,-1,0,0,0,0,0,0,0,0,0,0,0,88.6,166.7,0.62,1.4,0,0,8.76,5.49,81,7,0.0,-24,-2.3,-22,-0.5,-2,-0.3,20,-0.2,11.4087621485697
Q182L,-1,0,0,0,0,0,0,0,0,0,0,0,0,0,0,1,0,0,0,0,143.8,166.7,-0.85,1.1,0,0,3.9,9.68,82,1,0.005050505050505051,-24,-2.8,-22,-2.7,18,-0.2,-19,-0.2,9.638810078312178
A183T,0,0,0,0,1,0,0,0,-1,0,0,0,0,0,0,0,0,0,0,0,88.6,116.1,0.62,-0.05,0,0,8.76,5.53,88,6,0.018867924528301886,18,-2.7,-20,-0.2,-2,-0.4,-1,-0.2,8.212289141631945
D186H,0,0,0,0,0,0,0,0,0,0,-1,0,0,1,0,0,0,0,0,0,111.1,153.2,-0.9,-0.4,-1,0.1,5.49,2.26,58,7,0.1165644171779141,-2,-0.3,32,-0.0,-22,-0.1,-25,-0.0,3.410852668601533
T189K,0,0,0,0,-1,0,0,0,0,0,0,0,0,0,1,0,0,0,0,0,116.1,168.6,-0.05,-1.5,0,1,5.53,5.19,63,7,0.34507042253521125,-2,-0.4,2,-1.2,-4,-0.1,32,-0.3,2.2045453739173797
S214H,0,0,0,0,0,0,0,0,0,-1,0,0,0,1,0,0,0,0,0,0,89.0,153.2,-0.18,-0.4,0,0.1,7.14,2.26,68,5,0.0,-4,-1.3,4,-2.5,-3,-0.6,5,-0.2,2.725213126251904
I218F,0,0,0,0,0,0,-1,0,0,0,0,1,0,0,0,0,0,0,0,0,166.7,189.9,1.4,1.2,0,0,5.49,3.87,84,0,0.0,-4,-2.5,4,-0.7,2,-0.2,3,-0.4,5.505080390443363
S223P,0,0,0,0,0,0,0,1,0,-1,0,0,0,0,0,0,0,0,0,0,89.0,112.7,-0.18,0.12,0,0,7.14,5.02,45,7,0.6153846153846154,-2,-0.5,-1,-0.2,-31,-0.3,-28,-0.1,1.9565045626968123
S238F,0,0,0,0,0,0,0,0,0,-1,0,1,0,0,0,0,0,0,0,0,89.0,189.9,-0.18,1.2,0,0,7.14,3.87,49,5,0.4230769230769231,1,-0.2,3,-2.3,2,-0.1,-1,-0.3,2.8835596749002956
A240P,0,0,0,0,0,0,0,1,-1,0,0,0,0,0,0,0,0,0,0,0,88.6,112.7,0.62,0.12,0,0,8.76,5.02,82,5,0.009433962264150943,-3,-0.3,-1,-0.3,-4,-0.1,3,-0.1,7.138942656004012
K253Y,0,0,0,0,0,1,0,0,0,0,0,0,0,0,-1,0,0,0,0,0,168.6,193.6,-1.5,0.26,1,0,5.19,2.91,73,0,0.004878048780487805,-4,-2.6,4,-2.5,2,-0.2,5,-0.2,8.190368002257832
T270Q,1,0,0,0,-1,0,0,0,0,0,0,0,0,0,0,0,0,0,0,0,116.1,143.8,-0.05,-0.85,0,0,5.53,3.9,47,0,0.6830985915492958,-4,-0.4,4,-2.5,-3,-0.2,-1,-0.2,2.1190843257358862
A272L,0,0,0,0,0,0,0,0,-1,0,0,0,0,0,0,1,0,0,0,0,88.6,166.7,0.62,1.1,0,0,8.76,9.68,86,0,0.0,-4,-2.9,-1,-0.2,-16,-0.3,-2,-0.2,5.003348309781401
E274P,0,0,-1,0,0,0,0,1,0,0,0,0,0,0,0,0,0,0,0,0,138.4,112.7,-0.74,0.12,-1,0,6.32,5.02,60,6,0.31958762886597936,-4,-2.5,-4,-0.0,-5,-0.2,3,-0.0,2.756264981051664
S290P,0,0,0,0,0,0,0,1,0,-1,0,0,0,0,0,0,0,0,0,0,89.0,112.7,-0.18,0.12,0,0,7.14,5.02,41,7,0.7076923076923077,-2,-0.4,-18,-0.0,-30,-0.0,-64,-0.0,2.0298650619600997
