
A152S,0,0,0,0,0,0,0,0,-1,1,0,0,0,0,0,0,0,0,0,0,88.6,89.0,0.62,-0.18,0,0,8.76,7.14,42,2,0.6981132075471698,1,-0.2,2,-0.5,-3,-0.1,-1,-0.3,2.0964353812154632
A183T,0,0,0,0,1,0,0,0,-1,0,0,0,0,0,0,0,0,0,0,0,88.6,116.1,0.62,-0.05,0,0,8.76,5.53,88,6,0.018867924528301886,18,-2.7,-20,-0.2,-2,-0.4,-1,-0.2,8.212289141631945
A215P,0,0,0,0,0,0,0,1,-1,0,0,0,0,0,0,0,0,0,0,0,88.6,112.7,0.62,0.12,0,0,8.76,5.02,84,0,0.02830188679245283,-6,-0.4,4,-2.4,-31,-0.3,5,-0.1,5.78284279725135
A226P,0,0,0,0,0,0,0,1,-1,0,0,0,0,0,0,0,0,0,0,0,88.6,112.7,0.62,0.12,0,0,8.76,5.02,78,7,0.1320754716981132,-2,-0.3,-28,-2.2,-31,-0.3,2,-0.3,3.9215205604524996
A240V,0,0,0,0,0,0,0,0,-1,0,0,0,0,0,0,0,0,1,0,0,88.6,140.0,0.62,1.1,0,0,8.76,6.73,82,5,0.009433962264150943,-3,-0.3,-1,-0.3,-4,-0.1,3,-0.1,7.138942656004012
A248P,0,0,0,0,0,0,0,1,-1,0,0,0,0,0,0,0,0,0,0,0,88.6,112.7,0.62,0.12,0,0,8.76,5.02,62,0,0.4339622641509434,3,-0.2,4,-1.8,2,-0.2,-1,-0.2,3.4428142880528143
A40P,0,0,0,0,0,0,0,1,-1,0,0,0,0,0,0,0,0,0,0,0,88.6,112.7,0.62,0.12,0,0,8.76,5.02,52,0,0.3867924528301887,-2,-0.3,4,-1.9,1,-0.2,5,-0.2,3.0573244560904924
A47W,0,1,0,0,0,0,0,0,-1,0,0,0,0,0,0,0,0,0,0,0,88.6,227.8,0.62,0.81,0,0,8.76,1.25,50,6,0.6037735849056604,56,-0.1,-1,-0.1,55,-0.0,53,-0.1,2.469219639187228
A82V,0,0,0,0,0,0,0,0,-1,0,0,0,0,0,0,0,0,1,0,0,88.6,140.0,0.62,1.1,0,0,8.76,6.73,81,2,0.0,73,-2.0,75,-2.4,-2,-0.4,2,-0.4,7.871816579106853
D112R,0,0,0,1,0,0,0,0,0,0,-1,0,0,0,0,0,0,0,0,0,111.1,173.4,-0.9,-2.5,-1,1,5.49,5.78,62,2,0.20245398773006135,-47,-2.4,-48,-1.6,-2,-0.3,-47,-1.6,4.104743202750695
D186H,0,0,0,0,0,0,0,0,0,0,-1,0,0,1,0,0,0,0,0,0,111.1,153.2,-0.9,-0.4,-1,0.1,5.49,2.26,58,7,0.1165644171779141,-2,-0.3,32,-0.0,-22,-0.1,-25,-0.0,3.410852668601533
D186W,0,1,0,0,0,0,0,0,0,0,-1,0,0,0,0,0,0,0,0,0,111.1,227.8,-0.9,0.81,-1,0,5.49,1.25,58,7,0.1165644171779141,-2,-0.3,32,-0.0,-22,-0.1,-25,-0.0,3.410852668601533
D220E,0,0,1,0,0,0,0,0,0,0,-1,0,0,0,0,0,0,0,0,0,111.1,138.4,-0.9,-0.74,-1,-1,5.49,6.32,50,0,0.5705521472392638,-4,-3.0,-1,-0.2,1,-0.3,-2,-0.2,2.270095839155306
E204K,0,0,-1,0,0,0,0,0,0,0,0,0,0,0,1,0,0,0,0,0,138.4,168.6,-0.74,-1.5,-1,1,6.32,5.19,47,5,0.37628865979381443,28,-2.3,7,-0.3,-2,-0.5,-1,-0.1,2.5653820389023494
E231M,0,0,-1,0,0,0,0,0,0,0,0,0,0,0,0,0,0,0,0,1,138.4,162.9,-0.74,0.64,-1,0,6.32,2.32,69,2,0.08247422680412371,52,-3.1,51,-2.0,-2,-0.5,52,-1.1,4.67574266544398
E231R,0,0,-1,1,0,0,0,0,0,0,0,0,0,0,0,0,0,0,0,0,138.4,173.4,-0.74,-2.5,-1,1,6.32,5.78,69,2,0.08247422680412371,52,-3.1,51,-2.0,-2,-0.5,52,-1.1,4.67574266544398
G139N,0,0,0,0,0,0,0,0,0,0,0,0,-1,0,0,0,0,0,1,0,60.1,114.1,0.48,-0.78,0,0,7.03,3.93,44,5,0.6904761904761905,-3,-1.0,2,-0.6,-4,-0.9,-1,-0.3,1.8594242432905332
G147T,0,0,0,0,1,0,0,0,0,0,0,0,-1,0,0,0,0,0,0,0,60.1,116.1,0.48,-0.05,0,0,7.03,5.53,55,5,0.5714285714285714,-9,-2.3,-1,-0.3,-2,-0.1,-9,-0.1,1.9570977635878024
G165A,0,0,0,0,0,0,0,0,1,0,0,0,-1,0,0,0,0,0,0,0,60.1,88.6,0.48,0.62,0,0,7.03,8.76,82,0,0.0,-4,-2.2,4,-2.6,-5,-0.2,-2,-0.2,6.4152578655926025
G254V,0,0,0,0,0,0,0,0,0,0,0,0,-1,0,0,0,0,1,0,0,60.1,140.0,0.48,1.1,0,0,7.03,6.73,72,0,0.0,-4,-2.7,4,-2.4,-5,-0.2,5,-0.2,11.82642139366028
G66A,0,0,0,0,0,0,0,0,1,0,0,0,-1,0,0,0,0,0,0,0,60.1,88.6,0.48,0.62,0,0,7.03,8.76,70,2,0.0,-9,-0.3,-9,-2.6,-2,-0.3,2,-0.4,4.4863688629539356
H104F,0,0,0,0,0,0,0,0,0,0,0,1,0,-1,0,0,0,0,0,0,153.2,189.9,-0.4,1.2,0.1,0,2.26,3.87,85,5,0.021739130434782608,-3,-1.9,-1,-0.3,-56,-0.2,-2,-0.2,6.45502810543412
I168R,0,0,0,1,0,0,-1,0,0,0,0,0,0,0,0,0,0,0,0,0,166.7,173.4,1.4,-2.5,0,1,5.49,5.78,67,0,0.1242603550295858,-4,-2.4,4,-2.5,2,-0.2,5,-0.2,3.1372879697837446
I208V,0,0,0,0,0,0,-1,0,0,0,0,0,0,0,0,0,0,1,0,0,166.7,140.0,1.4,1.1,0,0,5.49,6.73,42,6,0.6863905325443787,1,-0.2,-2,-0.1,-23,-0.0,-1,-0.1,2.0968963335678694
K148W,0,1,0,0,0,0,0,0,0,0,0,0,0,0,-1,0,0,0,0,0,168.6,227.8,-1.5,0.81,1,0,5.19,1.25,59,7,0.3170731707317073,-3,-2.5,-70,-2.5,-71,-0.1,2,-0.4,2.3604650360825215
K259F,0,0,0,0,0,0,0,0,0,0,0,1,0,0,-1,0,0,0,0,0,168.6,189.9,-1.5,1.2,1,0,5.19,3.87,81,0,0.004878048780487805,-4,-3.0,6,-1.8,-5,-0.2,4,-1.3,7.796180566085218
K95A,0,0,0,0,0,0,0,0,1,0,0,0,0,0,-1,0,0,0,0,0,168.6,88.6,-1.5,0.62,1,0,5.19,8.76,40,5,0.4878048780487805,-4,-1.6,3,-2.0,1,-0.3,-3,-0.1,3.422314234815631
L117F,0,0,0,0,0,0,0,0,0,0,0,1,0,0,0,-1,0,0,0,0,166.7,189.9,1.1,1.2,0,0,9.68,3.87,46,5,0.5304878048780488,-30,-0.2,-1,-0.3,-29,-0.1,-30,-0.1,2.4151621861917527
M154F,0,0,0,0,0,0,0,0,0,0,0,1,0,0,0,0,0,0,0,-1,162.9,189.9,0.64,1.2,0,0,2.32,3.87,64,2,0.13297872340425532,-2,-0.5,23,-2.9,21,-0.3,24,-0.8,2.951583013110017
N212R,0,0,0,1,0,0,0,0,0,0,0,0,0,0,0,0,0,0,-1,0,114.1,173.4,-0.78,-2.5,0,1,3.93,5.78,25,3,0.8726114649681529,1,-0.3,-1,-0.3,4,-0.2,-3,-0.0,1.8496469854895115
N225V,0,0,0,0,0,0,0,0,0,0,0,0,0,0,0,0,0,1,-1,0,114.1,140.0,-0.78,1.1,0,0,3.93,6.73,77,6,0.03184713375796178,-31,-0.2,2,-0.3,-29,-0.1,-29,-0.1,3.9428411219457753
N241L,0,0,0,0,0,0,0,0,0,0,0,0,0,0,0,1,0,0,-1,0,114.1,166.7,-0.78,1.1,0,0,3.93,9.68,73,6,0.07643312101910828,-3,-2.3,3,-2.0,1,-0.2,-147,-0.2,4.372951077879952
N246W,0,1,0,0,0,0,0,0,0,0,0,0,0,0,0,0,0,0,-1,0,114.1,227.8,-0.78,0.81,0,0,3.93,1.25,63,5,0.1464968152866242,-7,-0.3,4,-2.7,1,-0.1,5,-0.4,2.6063650410929564
N37P,0,0,0,0,0,0,0,1,0,0,0,0,0,0,0,0,0,0,-1,0,114.1,112.7,-0.78,0.12,0,0,3.93,5.02,23,7,0.7707006369426752,1,-0.1,2,-0.1,-2,-0.0,5,-0.1,1.8207509539550364
P181A,0,0,0,0,0,0,0,-1,1,0,0,0,0,0,0,0,0,0,0,0,112.7,88.6,0.12,0.62,0,0,5.02,8.76,81,7,0.0,0,0.0,20,-2.5,0,0.0,2,-0.4,12.438587393318548
P210K,0,0,0,0,0,0,0,-1,0,0,0,0,0,0,1,0,0,0,0,0,112.7,168.6,0.12,-1.5,0,1,5.02,5.19,58,7,0.38235294117647056,0,0.0,4,-1.3,0,0.0,3,-1.2,2.558798658955246
P217L,0,0,0,0,0,0,0,-1,0,0,0,0,0,0,0,1,0,0,0,0,112.7,166.7,0.12,1.1,0,0,5.02,9.68,71,0,0.25,0,0.0,4,-1.7,0,0.0,-26,-0.3,2.6592300102748436
Q119Y,-1,0,0,0,0,1,0,0,0,0,0,0,0,0,0,0,0,0,0,0,143.8,193.6,-0.85,0.26,0,0,3.9,2.91,47,7,0.4494949494949495,-32,-0.1,4,-2.4,1,-0.0,5,-0.2,2.232091967930195
Q133Y,-1,0,0,0,0,1,0,0,0,0,0,0,0,0,0,0,0,0,0,0,143.8,193.6,-0.85,0.26,0,0,3.9,2.91,59,0,0.12121212121212122,-4,-2.3,4,-2.8,2,-0.2,-2,-0.2,2.3755369868578797
Q182L,-1,0,0,0,0,0,0,0,0,0,0,0,0,0,0,1,0,0,0,0,143.8,166.7,-0.85,1.1,0,0,3.9,9.68,82,1,0.005050505050505051,-24,-2.8,-22,-2.7,18,-0.2,-19,-0.2,9.638810078312178
Q228V,-1,0,0,0,0,0,0,0,0,0,0,0,0,0,0,0,0,1,0,0,143.8,140.0,-0.85,1.1,0,0,3.9,6.73,80,2,0.0,-30,-2.1,-28,-3.0,-2,-0.3,2,-0.4,6.495877569761167
Q91P,-1,0,0,0,0,0,0,1,0,0,0,0,0,0,0,0,0,0,0,0,143.8,112.7,-0.85,0.12,0,0,3.9,5.02,66,3,0.12121212121212122,1,-0.3,3,-1.6,-2,-0.2,4,-1.6,3.1845712408121543
R100F,0,0,0,-1,0,0,0,0,0,0,0,1,0,0,0,0,0,0,0,0,173.4,189.9,-2.5,1.2,1,0,5.78,3.87,83,0,0.024193548387096774,-4,-1.7,-52,-0.3,1,-0.2,-2,-0.2,5.16960876027609
R123V,0,0,0,-1,0,0,0,0,0,0,0,0,0,0,0,0,0,1,0,0,173.4,140.0,-2.5,1.1,1,0,5.78,6.73,95,0,0.0,-4,-2.4,4,-2.4,2,-0.2,-2,-0.2,6.248527408924676
R280A,0,0,0,-1,0,0,0,0,1,0,0,0,0,0,0,0,0,0,0,0,173.4,88.6,-2.5,0.62,1,0,5.78,8.76,26,5,0.5282258064516129,-48,-0.1,-47,-2.5,1,-0.1,2,-0.5,2.196554531304904
R90D,0,0,0,-1,0,0,0,0,0,0,1,0,0,0,0,0,0,0,0,0,173.4,111.1,-2.5,-0.9,1,-1,5.78,5.49,25,7,0.5806451612903226,-2,-0.1,3,-1.5,22,-0.1,4,-0.5,2.484207328329261
S125R,0,0,0,1,0,0,0,0,0,-1,0,0,0,0,0,0,0,0,0,0,89.0,173.4,-0.18,-2.5,0,1,7.14,5.78,50,0,0.6461538461538462,-4,-2.3,4,-2.1,1,-0.2,-2,-0.2,2.7357589040609507
S136Q,1,0,0,0,0,0,0,0,0,-1,0,0,0,0,0,0,0,0,0,0,89.0,143.8,-0.18,-0.85,0,0,7.14,3.9,44,0,0.5,-4,-2.4,3,-1.0,1,-0.2,-2,-0.2,1.8141202686032758
S141P,0,0,0,0,0,0,0,1,0,-1,0,0,0,0,0,0,0,0,0,0,89.0,112.7,-0.18,0.12,0,0,7.14,5.02,33,5,0.7153846153846154,-2,-0.6,-1,-0.1,1,-0.3,5,-0.1,1.926237141624018
S166T,0,0,0,0,1,0,0,0,0,-1,0,0,0,0,0,0,0,0,0,0,89.0,116.1,-0.18,-0.05,0,0,7.14,5.53,86,0,0.0,-4,-1.4,4,-2.3,2,-0.2,-1,-0.2,8.673404639877624
S175W,0,1,0,0,0,0,0,0,0,-1,0,0,0,0,0,0,0,0,0,0,89.0,227.8,-0.18,0.81,0,0,7.14,1.25,27,5,0.7846153846153846,21,-0.1,-21,-0.3,-22,-0.0,-5,-0.1,1.7540484891703805
S187P,0,0,0,0,0,0,0,1,0,-1,0,0,0,0,0,0,0,0,0,0,89.0,112.7,-0.18,0.12,0,0,7.14,5.02,37,6,0.7923076923076923,-2,-0.3,2,-0.4,2,-0.0,-1,-0.0,1.969725305537039
S187W,0,1,0,0,0,0,0,0,0,-1,0,0,0,0,0,0,0,0,0,0,89.0,227.8,-0.18,0.81,0,0,7.14,1.25,37,6,0.7923076923076923,-2,-0.3,2,-0.4,2,-0.0,-1,-0.0,1.969725305537039
S188Q,1,0,0,0,0,0,0,0,0,-1,0,0,0,0,0,0,0,0,0,0,89.0,143.8,-0.18,-0.85,0,0,7.14,3.9,46,7,0.4307692307692308,1,-0.1,30,-0.0,2,-0.0,-1,-0.0,2.2209004929873575
S193R,0,0,0,1,0,0,0,0,0,-1,0,0,0,0,0,0,0,0,0,0,89.0,173.4,-0.18,-2.5,0,1,7.14,5.78,57,5,0.4,-3,-0.2,2,-0.6,29,-0.1,-1,-0.3,2.048584902684073
S238F,0,0,0,0,0,0,0,0,0,-1,0,1,0,0,0,0,0,0,0,0,89.0,189.9,-0.18,1.2,0,0,7.14,3.87,49,5,0.4230769230769231,1,-0.2,3,-2.3,2,-0.1,-1,-0.3,2.8835596749002956
S54W,0,1,0,0,0,0,0,0,0,-1,0,0,0,0,0,0,0,0,0,0,89.0,227.8,-0.18,0.81,0,0,7.14,1.25,57,2,0.5230769230769231,-2,-0.3,2,-0.3,15,-0.2,15,-0.2,2.7765587442714588
S92P,0,0,0,0,0,0,0,1,0,-1,0,0,0,0,0,0,0,0,0,0,89.0,112.7,-0.18,0.12,0,0,7.14,5.02,41,3,0.5538461538461539,1,-0.3,4,-0.4,2,-0.2,-1,-0.3,2.102242407231623
T113P,0,0,0,0,-1,0,0,1,0,0,0,0,0,0,0,0,0,0,0,0,116.1,112.7,-0.05,0.12,0,0,5.53,5.02,85,7,0.07746478873239436,-2,-0.4,3,-0.1,-24,-0.4,-50,-0.1,4.2149826322357695
T116P,0,0,0,0,-1,0,0,1,0,0,0,0,0,0,0,0,0,0,0,0,116.1,112.7,-0.05,0.12,0,0,5.53,5.02,60,5,0.2676056338028169,-2,-0.4,-28,-3.0,1,-0.3,-27,-0.3,2.6228159307962327
T140D,0,0,0,0,-1,0,0,0,0,0,1,0,0,0,0,0,0,0,0,0,116.1,111.1,-0.05,-0.9,0,-1,5.53,5.49,51,7,0.31690140845070425,-3,-1.7,3,-2.1,1,-0.1,6,-0.2,2.4706018223942032
T151P,0,0,0,0,-1,0,0,1,0,0,0,0,0,0,0,0,0,0,0,0,116.1,112.7,-0.05,0.12,0,0,5.53,5.02,56,2,0.47183098591549294,-2,-0.9,-1,-0.1,1,-0.3,-16,-0.1,2.2124482438153223
T198V,0,0,0,0,-1,0,0,0,0,0,0,0,0,0,0,0,0,1,0,0,116.1,140.0,-0.05,1.1,0,0,5.53,6.73,75,2,0.0,28,-2.2,30,-2.1,-2,-0.2,2,-0.5,8.12862455502733
T266P,0,0,0,0,-1,0,0,1,0,0,0,0,0,0,0,0,0,0,0,0,116.1,112.7,-0.05,0.12,0,0,5.53,5.02,45,3,0.6549295774647887,-2,-1.2,3,-1.7,1,-0.3,4,-0.4,2.030961046947823
T279P,0,0,0,0,-1,0,0,1,0,0,0,0,0,0,0,0,0,0,0,0,116.1,112.7,-0.05,0.12,0,0,5.53,5.02,28,5,0.9084507042253521,-2,-0.4,-1,-0.1,1,-0.3,-2,-0.1,1.7904120044168812
T286V,0,0,0,0,-1,0,0,0,0,0,0,0,0,0,0,0,0,1,0,0,116.1,140.0,-0.05,1.1,0,0,5.53,6.73,68,2,0.3732394366197183,-2,-0.3,2,-0.3,-58,-0.2,-58,-0.2,2.4300136932574263
T51P,0,0,0,0,-1,0,0,1,0,0,0,0,0,0,0,0,0,0,0,0,116.1,112.7,-0.05,0.12,0,0,5.53,5.02,45,7,0.4154929577464789,-2,-0.3,21,-2.6,-4,-0.1,22,-0.5,2.4741660762400026
T77E,0,0,1,0,-1,0,0,0,0,0,0,0,0,0,0,0,0,0,0,0,116.1,138.4,-0.05,-0.74,0,-1,5.53,6.32,57,7,0.3732394366197183,-2,-0.3,2,-0.3,72,-0.1,72,-0.3,2.6064570095490374
T77P,0,0,0,0,-1,0,0,1,0,0,0,0,0,0,0,0,0,0,0,0,116.1,112.7,-0.05,0.12,0,0,5.53,5.02,57,7,0.3732394366197183,-2,-0.3,2,-0.3,72,-0.1,72,-0.3,2.6064570095490374
V134L,0,0,0,0,0,0,0,0,0,0,0,0,0,0,0,1,0,-1,0,0,140.0,166.7,1.1,1.1,0,0,6.73,9.68,76,0,0.0,-4,-2.3,4,-2.2,2,-0.2,-2,-0.2,5.213173781597453
W159H,0,-1,0,0,0,0,0,0,0,0,0,0,0,1,0,0,0,0,0,0,227.8,153.2,0.81,-0.4,0,0.1,1.25,2.26,67,1,0.13656387665198239,-75,-2.2,3,-2.7,-2,-0.3,24,-0.2,5.0723372916098475
